500
13 82
67 67
50 63
29 7
52 95
62 47
63 88
20 21
65 17
29 32
85 85
50 55
86 11
86 64
45 3
52 59
79 3
63 72
58 23
3 32
28 41
61 97
61 47
6 87
68 14
71 4
15 67
76 39
17 72
27 25
67 13
62 83
85 63
84 7
81 46
55 96
82 80
73 98
2 14
92 75
70 7
1 72
95 39
39 68
97 3
46 60
65 89
45 91
38 64
41 96
63 45
25 22
89 76
2 90
16 30
18 29
13 38
78 73
75 65
33 28
28 6
58 54
52 20
68 0
48 94
36 61
49 99
60 45
87 76
64 84
36 60
76 24
61 44
68 50
98 25
46 15
59 10
49 61
96 64
25 43
26 73
8 25
57 15
82 18
15 89
86 2
4 57
6 66
32 32
69 75
53 60
85 99
5 72
100 1
23 5
7 77
41 94
36 65
56 20
39 52
75 64
64 84
37 16
55 46
12 75
68 29
96 69
22 80
54 22
90 89
46 66
49 60
46 29
97 43
20 41
55 84
80 5
88 68
19 13
67 29
20 19
22 67
49 47
55 92
2 50
91 18
52 4
78 68
21 71
85 16
44 2
50 81
22 10
80 83
91 1
19 50
53 94
45 83
80 46
65 29
77 4
48 89
18 70
6 3
76 36
70 72
3 55
69 20
0 0
3 35
51 29
23 90
29 49
86 58
41 86
26 81
73 4
52 11
31 19
41 76
76 23
9 16
34 84
21 1
77 70
50 32
50 83
90 11
32 50
14 94
34 20
17 13
100 74
5 67
31 50
30 29
73 50
93 30
45 34
38 15
14 95
69 9
55 23
20 63
11 33
4 28
90 8
46 8
50 26
76 97
78 72
54 24
53 29
48 59
92 8
95 18
80 84
75 55
1 79
49 89
32 53
72 72
31 19
64 18
82 4
49 93
29 70
11 96
2 83
85 14
71 99
64 61
44 45
20 31
47 50
88 63
44 23
21 89
99 70
60 100
11 10
15 11
1 92
36 52
18 19
22 29
75 88
98 14
71 16
49 65
72 47
34 66
100 18
15 55
70 4
27 50
70 28
100 6
70 25
24 30
25 55
76 83
61 86
15 55
75 100
4 5
44 59
68 21
58 23
25 100
12 97
73 28
46 21
45 69
73 51
27 78
84 98
29 94
2 90
4 26
57 26
33 21
72 78
37 95
0 79
34 20
13 17
99 39
50 61
45 8
28 14
56 69
99 32
21 38
33 93
78 28
4 16
84 97
70 37
79 89
56 77
32 5
1 54
32 27
91 87
26 98
11 75
70 66
77 3
44 3
13 45
7 86
20 81
36 70
76 64
86 20
37 39
45 9
77 52
93 88
0 6
85 74
40 1
90 17
42 69
73 66
42 81
9 38
85 86
13 71
89 55
93 33
19 39
70 97
27 52
2 35
64 11
58 37
89 22
3 46
68 97
76 85
4 99
26 89
65 14
75 100
65 27
52 90
32 13
96 94
47 28
89 95
25 99
13 45
36 17
5 42
90 77
28 93
95 27
91 26
72 40
89 98
79 63
3 33
63 91
27 98
69 78
66 45
72 11
57 1
53 7
47 36
92 44
65 64
93 76
97 68
20 84
91 94
66 38
98 96
14 68
58 73
93 86
34 23
95 28
90 41
26 10
63 68
69 87
19 34
24 67
81 80
21 89
19 95
60 83
45 51
83 88
0 58
12 24
4 22
92 19
28 4
84 6
64 6
30 12
65 64
68 14
42 20
9 83
44 65
64 24
73 29
6 53
61 30
40 65
31 58
13 78
60 70
90 95
5 83
41 70
52 5
21 90
14 75
14 59
49 88
69 31
82 57
84 32
41 60
37 25
1 1
47 86
78 82
96 33
50 91
58 70
65 67
60 71
46 2
30 6
79 11
10 54
32 76
16 56
14 56
8 80
57 51
16 57
47 57
35 96
34 89
3 45
72 64
73 33
74 37
77 52
76 60
5 80
58 93
31 87
19 71
13 34
74 13
23 32
36 89
9 9
73 81
16 35
6 76
1 47
84 100
40 91
78 18
26 79
53 4
5 22
2 98
6 79
16 23
81 8
94 6
22 65
23 86
23 23
30 13
79 41
16 76
15 21
61 26
18 80
15 90
11 12
85 81
19 39
31 100
85 98
16 39
57 19
62 18
61 29
41 72
97 95
86 8
77 4
39 12
6 41
28 66
13 28
81 10
78 3
41 76
73 16
5 46
88 77
37 46
97 22
9 18
23 76
93 18
