600
471 204
250 859
917 722
174 479
425 554
769 605
675 248
292 639
849 29
290 995
7 187
879 709
782 749
129 520
41 823
929 856
40 125
757 304
316 544
244 23
91 106
432 916
749 996
595 441
489 903
9 75
372 126
141 366
915 387
570 167
666 921
201 871
980 625
690 196
239 933
449 190
267 926
357 836
37 84
471 613
518 9
636 261
757 122
642 964
671 726
108 953
467 81
546 622
677 212
766 605
912 801
80 837
696 246
253 181
386 176
753 564
388 448
761 533
817 824
614 308
267 60
943 260
283 537
127 894
211 37
995 462
157 476
271 1000
483 446
347 41
83 492
488 398
425 942
916 549
567 960
566 718
504 33
852 661
564 363
643 241
815 506
759 227
274 587
787 114
619 846
107 992
512 368
162 306
34 863
800 957
299 842
247 932
558 340
595 585
144 962
308 711
465 997
187 374
12 291
651 267
678 974
841 235
52 4
125 410
656 701
182 78
816 468
851 921
515 372
784 617
693 797
747 348
420 645
658 184
179 59
764 303
401 152
808 115
767 40
288 52
338 731
888 233
728 362
707 99
444 55
577 297
198 662
708 688
387 847
115 496
163 248
818 202
742 935
994 599
445 246
536 327
777 662
461 672
394 314
820 422
988 353
665 122
823 932
922 638
366 319
473 945
28 776
926 132
607 675
495 477
554 157
750 671
830 833
781 854
425 138
831 417
678 506
10 10
414 723
533 989
327 279
90 334
466 137
968 236
222 357
651 39
398 465
756 848
386 655
47 687
137 513
603 970
522 948
926 655
305 651
823 391
421 234
479 741
27 647
707 473
908 761
412 809
747 763
617 302
757 930
401 882
572 938
141 789
895 25
856 210
965 257
499 679
655 241
702 977
132 92
257 739
23 349
639 364
934 812
545 819
114 178
536 706
53 810
303 171
73 612
137 964
749 521
104 132
626 339
227 553
840 280
847 20
101 576
336 721
862 16
261 986
460 501
933 429
172 431
958 64
420 698
922 385
704 59
487 414
23 320
415 64
15 166
298 216
845 106
293 880
178 988
795 181
551 74
406 985
696 89
970 293
302 30
800 121
200 245
123 954
465 298
746 701
99 497
500 623
713 553
505 627
303 789
555 765
829 834
691 818
967 128
293 946
916 393
147 114
143 702
449 229
163 668
921 834
601 483
95 970
881 724
853 364
359 757
272 415
2 638
650 46
239 507
872 849
736 589
265 403
45 447
302 290
480 702
323 918
864 635
190 537
844 44
174 750
640 907
443 977
455 895
362 708
966 540
224 904
139 198
462 149
76 27
849 100
765 644
288 441
336 537
318 243
697 463
583 160
912 790
884 961
962 469
825 692
245 771
911 727
951 155
421 507
831 569
397 5
461 688
606 589
627 500
230 318
157 137
0 483
728 844
836 17
179 684
122 866
867 203
454 509
433 73
987 433
373 994
828 80
540 90
500 931
667 690
299 753
497 972
895 40
178 429
814 826
310 329
214 309
923 741
646 98
982 292
514 649
605 437
953 680
0 876
910 231
505 293
788 555
594 196
939 864
845 109
941 791
109 927
584 347
509 818
972 101
788 862
378 64
501 738
122 795
601 751
383 173
857 545
434 824
297 137
85 356
879 843
620 57
766 938
282 446
710 588
81 914
312 592
172 80
458 724
520 674
968 729
307 222
316 881
771 704
3 215
820 292
516 616
169 354
547 290
554 341
789 27
271 262
595 687
965 762
851 461
452 512
146 95
194 938
748 485
127 122
68 747
92 663
832 865
965 826
950 703
439 747
58 104
307 979
714 11
236 849
340 668
221 341
950 220
955 793
811 40
446 780
412 660
256 158
859 166
849 126
994 212
860 707
543 529
468 110
184 816
708 153
181 388
827 922
367 734
814 776
173 90
630 264
247 607
806 13
12 816
476 300
520 654
479 903
949 860
119 148
845 84
640 439
361 276
620 330
164 911
334 1000
791 409
459 125
339 189
800 975
626 353
2 177
380 554
149 657
713 903
194 329
359 121
678 276
10 315
900 475
270 136
840 192
312 491
323 682
990 252
606 294
561 116
647 712
460 319
157 876
806 310
207 607
256 16
649 282
184 124
80 321
251 916
431 560
101 61
777 287
876 757
994 576
556 893
139 990
533 218
98 943
627 231
198 578
771 874
788 438
478 267
31 745
270 447
504 660
366 899
478 797
254 450
546 416
976 661
470 970
711 825
439 982
242 278
707 64
874 551
336 999
781 101
735 783
593 313
445 836
823 962
365 69
899 194
274 512
721 63
619 171
48 445
818 397
184 880
510 151
678 471
985 966
228 229
956 817
228 547
290 505
706 242
387 413
731 960
707 962
803 134
720 869
80 405
402 552
14 745
250 980
179 720
563 259
874 883
952 150
106 226
753 219
646 389
169 225
344 976
801 836
529 437
184 335
119 380
768 704
689 31
855 145
308 984
178 262
391 330
336 319
574 429
742 318
320 846
866 276
651 490
331 381
380 495
866 723
557 39
420 712
184 966
252 716
611 781
349 245
838 515
326 853
535 165
77 208
646 62
780 716
254 334
112 466
40 22
916 305
614 996
745 909
918 692
244 694
768 411
713 726
801 730
479 395
981 758
34 501
703 247
613 121
480 543
565 160
413 158
759 157
488 1
278 326
798 336
591 525
242 772
917 780
483 312
58 987
925 926
118 107
296 636
415 10
435 331
928 457
861 996
280 648
