10000
8033 315
7664 2354
2790 1072
3968 2947
4558 5317
8093 6829
5818 1409
3340 6203
2427 8843
1599 9375
6622 2992
3338 996
7269 2245
7746 7229
3394 5310
6559 4586
7772 3917
3011 2127
8811 7331
6798 8077
7194 1404
3190 4287
5640 4958
7362 1350
6609 9596
9740 6766
5719 6154
1758 8890
8560 7444
6721 6693
9196 1911
8241 9721
978 3661
335 915
8459 3195
5582 958
1915 4280
4960 9247
6417 7307
2663 7246
2075 5966
4263 3971
8303 278
6428 5628
4812 8732
5822 6151
801 7826
8509 4023
8572 2095
171 5509
9404 4153
6566 3147
540 4006
3433 1594
9322 1086
2044 581
4574 64
4491 7069
3375 1785
9239 8517
4524 487
1632 4499
4256 7642
9300 6717
5762 406
8208 6707
142 784
5548 6551
9940 8441
7151 771
6530 7611
523 1753
4902 2533
1496 2459
5876 3722
9439 79
3052 7577
7296 7166
7781 5061
8441 379
9184 9149
9071 2973
4192 1901
5460 1633
2860 4287
8037 1744
7207 8260
8453 7064
4520 4395
1099 3463
9535 8862
6269 8303
4971 8858
3166 3675
6645 6205
6065 1164
121 7101
2450 5542
6079 3882
7507 5151
2444 5667
3646 6107
4480 3319
7762 4396
9165 9168
8284 4510
377 368
5131 422
3248 2169
2374 4967
6006 2681
2844 3886
8320 9855
9521 4462
3874 9159
2182 796
940 4556
9428 3541
3641 5962
8769 4575
3388 9354
149 7850
5832 1405
9728 5912
3731 3867
8710 2675
5406 128
5516 6575
5167 8942
2003 8370
5704 2791
5143 3734
2397 9825
2289 3667
2622 6319
1986 8722
4363 8885
9438 6857
7338 6715
9783 9889
46 2155
3209 3600
240 4116
6727 1922
1790 402
1255 5762
6778 5592
5050 8789
9523 7785
8253 2406
2058 8594
7143 7026
6715 8584
4769 5174
4472 1297
8683 2746
3006 8414
5281 8740
840 9789
9179 8783
328 7759
3421 5768
2899 9318
2378 8828
3893 4873
9919 4266
1021 3482
6012 8921
5679 9353
9748 8758
6037 1953
5435 7956
7108 6019
3225 211
7577 7669
7389 1296
6156 3718
3718 7879
5637 2762
2981 8411
6123 4562
1151 8980
7495 8131
7915 8617
5259 3241
1923 3740
7637 6556
4495 6623
3134 8812
5759 1046
3939 945
4432 9813
4259 1127
9281 7037
4167 8173
2717 3279
1699 5156
7048 5997
2857 5772
1731 552
249 3602
7321 2984
6071 7545
37 6745
2621 4400
6475 8282
7939 5868
4811 8412
6879 1547
6566 8582
8062 427
1609 5156
2043 1500
8784 3109
9559 9760
187 8581
3506 5893
9544 86
9150 6643
186 6685
8405 938
5243 3756
6914 4672
9284 427
203 7985
7018 7465
4150 6499
9166 8897
1532 6909
5055 5352
6839 5619
7591 9289
9498 2077
7204 2263
7524 6095
9644 7787
486 3837
4659 1728
7642 4377
584 1760
9183 8209
7615 3669
7525 2231
9083 5462
7181 4585
7568 4686
1374 8659
7106 1203
9602 6340
3080 5057
9021 2476
1217 844
9206 1857
124 1965
7958 740
3104 4045
4717 3482
1038 9801
6117 4294
9728 754
3649 9789
2414 3380
2385 8418
1661 294
6315 1838
8761 4028
6512 5757
8484 7216
8295 4295
7908 1002
7216 1068
7399 9131
3365 3282
6089 4172
2162 4584
9061 8189
2422 1269
8831 5082
5336 9746
5641 6346
2447 7955
7887 6064
9105 2384
1073 2534
87 459
4601 8888
491 5206
8350 2573
9995 4313
2788 7109
7866 4524
9766 6591
2813 2897
8424 5171
8213 836
9652 8090
8454 4799
6567 9053
383 819
765 9357
367 3718
6472 4016
7395 4984
8333 3575
3435 4090
4652 3849
6291 2872
1785 9643
9010 7514
193 3683
2496 7828
246 9291
5248 480
7233 8202
9712 5317
9185 246
590 6136
8371 6317
1156 6536
2978 8882
5920 8197
7151 7500
2357 3839
9575 2410
8474 9409
9961 235
9711 628
1866 5084
2785 12
5626 5218
5878 9917
9817 2289
5759 7908
2630 3748
4722 5549
6858 81
2736 6173
8669 8176
567 6229
444 9780
6031 4372
9470 5515
8284 1169
1726 6188
7010 9711
9550 7745
6416 4537
1606 803
5745 6172
4872 3503
8607 6589
8373 6707
8809 6130
3236 5154
1526 3553
8574 3103
5668 4338
9353 621
5847 1233
3474 803
6345 6425
571 3030
3719 9823
3076 2493
7570 2401
4251 6400
1850 5768
3137 4159
3344 8256
7892 1897
6085 8901
4225 3365
6218 904
4028 9834
798 8817
1827 2014
3181 226
3185 4920
3866 6925
6831 4128
6598 4873
1385 6590
5970 2845
9730 9625
887 6045
7824 7926
3253 6647
7761 1789
5392 8619
6571 3037
1707 938
588 5139
8484 3541
1029 6147
8531 5222
2858 5848
4850 9053
7540 7140
3288 2085
7321 5522
2336 1889
9349 1378
8704 6815
9505 7007
4360 1287
5941 5031
476 9227
801 3655
3049 5016
2449 1982
810 3670
6451 6463
111 4009
9903 3570
7603 2231
6044 6398
4616 4813
2741 7674
9511 2425
942 8200
5981 4537
8166 9455
5750 1564
4033 7982
5013 9277
3882 9079
156 3572
1617 77
7106 2446
6920 1718
5253 8830
2627 9695
3238 3307
5291 3663
739 3350
3412 8895
4083 2676
7942 7664
4731 245
7518 5201
6585 5917
7041 2883
4018 9139
9545 285
5796 7288
2345 2080
4319 9083
5605 1016
6164 1366
2344 3398
8244 862
7062 1353
9349 8757
4166 2411
8830 5580
6596 3804
324 1746
2710 3402
7221 8488
8288 957
458 6861
6364 1936
9176 3911
7708 8204
9463 3624
9702 6595
6164 6726
9264 7049
9734 8500
484 3959
2329 6999
2114 7656
5542 588
8612 2801
3428 8760
927 8335
2066 9554
7886 1809
5147 9203
5660 2344
3326 7304
3832 814
5378 7536
2573 8607
8405 3590
3853 1217
8071 1312
9575 3824
2956 4707
5763 8751
4431 2560
2464 6170
1543 9512
6686 7968
2645 21
6992 6833
4291 5335
9747 390
575 354
7900 5965
2751 307
2033 3711
5287 3094
3904 598
4070 1716
521 7466
3599 1943
6477 1249
6553 1149
5447 7405
9172 1383
8153 5133
6868 8936
1841 1070
1740 2649
8071 9255
4013 4614
6239 8583
8067 8611
3220 1625
9850 6874
9772 26
2869 3649
8758 2484
7049 7125
5078 9281
4388 731
7010 2358
8232 3327
4660 5840
4433 9685
5906 5071
688 3639
1519 1139
4265 2586
1022 4749
1160 6378
3263 2307
5391 9077
5056 7788
9909 2853
7634 558
1750 8385
5830 2269
5621 2161
2831 9611
3303 9733
9538 5751
428 1286
4559 8525
2879 9511
1244 1873
4118 424
1870 4123
2609 4019
1800 4880
2257 1960
7845 5094
9044 1536
2374 831
9370 5364
2901 7173
7912 2711
2392 6920
4478 9683
7126 5554
9235 2069
4970 9915
3845 7722
7660 6295
5479 6436
2284 9209
653 6337
6745 8056
5003 8027
7522 9401
7476 7201
3974 6661
5777 4097
4931 2764
7906 5961
6089 515
8678 7690
2136 3416
8516 2232
1174 8913
611 7163
8043 9623
773 4367
2549 7807
6758 2693
4074 8715
9525 5923
8521 5641
7882 3402
7582 5763
7057 7710
4031 7035
9086 4496
1577 9459
6238 8194
8561 1149
8373 9871
727 4875
77 94
3597 812
1222 3353
9809 4838
8303 6871
1527 6553
5312 5147
6977 280
7113 2533
8664 7795
5265 9221
5790 337
4317 7497
4070 9337
2862 6608
7212 5137
5034 393
7647 3904
3582 4121
1955 5723
6649 8323
9928 5771
5586 5515
7214 4721
6643 5587
199 7880
8840 3357
4544 4428
1560 5424
6916 9861
5921 7973
9560 7622
8188 8375
4593 8179
3869 1111
5186 8638
8489 6732
3272 7010
3164 6523
1107 3315
9398 5502
2834 1780
4094 2700
6717 3137
6550 4430
7868 269
350 285
7735 4817
1956 4138
1451 4829
9525 3294
8321 10000
874 5878
2246 1814
4464 3357
9255 6998
8846 235
9529 8587
8421 3207
913 1894
6139 5704
3463 1608
3849 4875
6220 2103
6382 8097
2240 5592
1992 9052
6309 8900
1642 5597
5486 41
4994 464
7615 562
6226 3565
5828 9939
6123 1179
6466 4531
4428 8044
6282 9293
256 9925
4672 7033
5431 7083
9853 4435
3122 1491
7224 3042
8810 9396
4833 9054
4291 1023
5217 3367
9719 8239
6315 7346
9385 3800
4068 4989
6426 2308
3262 8398
6467 6202
5368 2828
5063 6793
9154 457
2417 6959
2256 6035
9126 5228
6800 1025
6447 4467
7769 5338
5557 9393
8729 3647
6075 154
657 520
2086 6365
4427 5532
1446 8137
1156 2364
9571 2170
5026 2450
3081 858
3012 8399
474 1449
7513 9180
4800 778
1491 5253
1301 9502
3909 394
632 427
5023 4051
7720 8969
9210 8467
5454 4759
7440 4324
9935 7024
9211 8962
1462 1507
7446 1759
2945 5097
754 5203
4685 5962
2298 8295
3889 5268
5453 9477
8843 6237
8501 930
9784 4849
4528 867
1434 2281
5337 1224
4468 9805
2723 5077
4815 846
6517 6266
9320 8469
9314 5245
2214 5046
3799 1206
3047 7947
7820 7870
9962 5969
7049 6222
7809 8772
775 2238
6314 7521
9240 2732
1026 2053
5638 1717
2800 304
9661 6856
6697 7595
6846 5188
2584 823
7287 1999
1951 879
6265 853
3293 9719
7802 1780
5538 2694
9332 6227
2196 9867
1974 7934
7361 5225
8696 5469
1243 2806
3556 2585
254 7501
294 2788
2550 5828
4806 9220
1398 6024
962 893
4339 1307
786 6350
2954 6242
9000 6870
1870 6805
2979 8381
9856 9899
3167 5045
9659 7802
6629 4737
2051 8030
7940 3151
441 527
1930 3989
9006 3472
9616 9564
9565 6863
1636 8284
8046 3052
1563 1007
7320 460
435 3931
7696 2222
2855 2281
4014 4720
9066 1850
9451 4724
6345 5342
7348 8279
4557 639
5464 6786
203 3734
4963 1959
9309 172
4419 6842
9881 2565
4185 2104
302 5143
9027 8660
5651 6430
1903 5227
2654 1665
3026 5390
9592 695
5076 4072
2670 8330
3428 2931
9462 1716
3584 2201
7719 3667
7499 8521
6972 3132
6984 3093
2997 7404
729 6302
97 5902
5155 4850
720 7858
5349 708
1374 5029
8930 859
196 9220
38 265
9835 2882
1420 3027
1395 4166
4669 5538
7015 5261
175 3354
1289 2819
5454 3969
4776 5534
3965 6087
6199 5849
6191 9063
1239 2580
1606 2727
3547 190
8256 2794
2652 6607
1322 440
8498 5676
1708 8106
3086 780
608 9391
3096 7018
9100 2752
2246 7661
6543 3671
5894 7400
9823 4309
4938 9480
2957 1994
5335 324
3602 6362
913 9027
8161 9485
5067 3938
1897 7168
719 7872
635 8927
3481 8955
5391 7010
2246 2884
6195 8130
729 1282
1617 4686
964 8312
132 126
870 3690
9725 3607
2540 7891
7679 2472
599 567
7059 6890
4578 229
2842 8845
6534 1327
4347 1
5013 8412
9626 8051
1407 3709
1929 6073
5276 2472
4550 8705
1250 7299
3155 3723
7560 4069
9848 4199
2491 1816
4223 1736
1524 8407
6265 4532
7146 8446
6051 7865
9278 5762
648 78
687 1333
7377 5145
6078 7540
2346 8183
1578 2310
2692 4225
338 3240
7672 6048
5075 5655
2050 8884
8320 7175
1063 8393
9793 5553
4540 8759
8064 4664
2028 1591
5449 6724
8360 873
2216 8719
9404 6529
5588 8912
1116 1182
3156 362
3147 5910
4060 952
4474 12
434 7660
5177 3477
3292 2828
5496 6848
1646 3375
9286 4399
4834 2921
8991 3284
158 3375
9363 1982
2288 9080
7321 4711
6430 107
9991 7543
3328 5086
6435 4587
5038 1389
9072 860
1282 166
4706 9739
9367 3220
9292 3656
4701 5916
717 7465
1406 2396
1822 4054
243 9895
3783 9288
1404 2584
5813 2021
1804 2383
3857 4162
6767 816
1771 2801
5644 8275
4513 9856
7569 1390
3129 716
3827 145
6999 7499
3980 6147
2230 4198
4719 7035
1201 2779
6179 3008
5030 5358
3493 9474
711 1989
7327 3979
4678 8259
5123 4268
7997 472
8625 3701
7788 1626
1209 5326
1518 1050
7530 3556
1728 9764
3862 3230
9761 5626
9694 2001
9369 479
879 783
9391 4217
85 8928
221 5277
1485 1512
8039 8975
8785 1866
8462 1415
8496 6488
9939 4710
9255 3463
1794 7760
3087 5807
2752 9629
9111 3530
4018 7881
994 5406
2753 5568
2676 3250
948 8240
600 923
4957 498
2541 2973
5089 9024
4816 1333
4396 9
4354 1886
1892 157
2116 9667
4713 2222
5566 4876
2073 5315
123 2694
368 979
6389 8798
7778 6024
1548 5186
4091 4571
7890 8332
1588 6741
8794 9579
1779 6634
8867 8025
8912 5084
9452 9956
9222 2208
4608 6540
5597 878
5432 9363
5248 2573
7471 820
1350 7062
693 4603
6996 9953
9712 661
5293 7049
275 4610
3624 1547
1118 308
26 1711
9906 253
2699 9320
7960 8060
9053 6511
2814 5284
4992 3682
9603 5704
9702 6464
2004 570
1008 5120
9847 925
6781 1450
496 6734
1353 2638
4504 2529
1509 6874
3625 7802
1744 6633
1243 6046
3445 2975
5489 3262
7193 653
1891 9444
427 2183
5182 6093
8048 6512
4275 5790
9821 2062
2660 665
9745 9096
7568 9441
8209 7337
2042 6871
7011 1257
8992 6868
2927 1750
7321 3011
311 3819
9578 842
2826 2535
8314 2602
1097 935
8248 5002
9731 3931
7596 4349
3053 7225
4521 221
9257 2419
5400 279
9247 8259
7364 9825
8215 199
2046 2652
1247 3675
4497 7001
3208 6822
5305 4780
9787 1013
2709 9483
9340 8769
7799 5495
3389 1681
1089 5237
2189 9898
9891 6425
512 5643
5639 3748
4305 7713
4830 3620
1793 7812
1681 5930
1939 2737
8642 3282
1753 4337
1580 5576
748 1568
8026 1044
9480 7851
8373 8863
4857 5681
8723 9916
3635 4228
2064 1806
8521 451
5362 8707
9650 7474
835 6619
3039 9190
437 1451
2265 3026
4572 9823
7615 6155
4591 217
7116 8755
7777 3448
8864 6968
153 9444
4372 1565
3364 1312
9586 80
1879 5703
3816 2627
1647 1676
8171 3841
1127 89
1816 3437
9944 338
3940 3974
8124 6457
9277 697
1860 8553
1264 5914
5080 3450
4931 705
2680 8258
3485 8107
1564 2922
3373 3417
9512 4845
2624 6472
5220 8986
184 9330
9457 9210
9520 4121
9158 4219
4651 8463
9691 4169
3347 5928
2229 5045
7823 299
8792 4606
1384 5119
9806 7871
5963 8240
7283 8225
7681 1897
5488 7444
205 9870
6811 8768
5566 8712
1028 6695
3770 7907
6751 4184
9951 753
3964 7847
7804 3978
169 262
1075 8566
659 9814
1202 4252
245 2238
8390 2729
1997 8836
1373 547
5258 8341
2514 1019
4086 5267
2313 3954
3577 9688
5593 6767
2718 7771
1517 350
2317 680
1806 1625
1205 2916
9640 4444
3015 1772
4755 2901
9681 1267
8368 433
8281 7092
14 7383
9745 734
6512 3228
7512 8610
9450 4876
1534 6527
1468 4304
3406 5628
6535 794
1490 2585
5201 1956
4254 7408
9694 3959
4246 674
1798 1426
2540 242
4549 4618
5347 6330
6197 3538
5100 6799
6514 9155
7115 1293
2837 4224
7797 54
2832 3071
7165 7894
4540 8909
6186 2938
5737 67
3991 9894
5122 6279
8676 1316
3266 5438
6979 7183
3975 555
1004 4105
5188 8870
7068 1291
6559 1177
372 6258
3282 1319
6568 7429
9385 3354
3157 3132
7923 8249
7136 9833
285 1855
7492 4390
7568 9517
3672 729
4380 1902
259 630
6888 1067
8529 2346
1240 333
2682 9190
6800 205
8227 9167
290 8340
4793 9271
944 1697
1536 905
5752 8492
1991 6715
5411 4673
3738 3106
6973 7477
7409 8692
5519 3303
8908 2790
820 3329
3195 1863
9451 583
2988 7240
9381 7790
6555 1777
1221 5008
5902 2253
3165 977
215 5848
3303 4588
9469 9125
7781 2178
8483 8963
1036 5525
3910 9815
9483 6244
289 8885
6765 6649
8786 6168
7328 3514
9406 2437
9499 7567
3738 2599
6297 427
2455 4136
327 7463
2108 911
1213 1987
5018 8196
9701 3909
5956 9861
6445 3738
2641 3014
5794 3487
5420 4854
1133 4062
4291 1806
9441 325
7169 5645
9099 8819
1300 4908
7872 7043
8677 3178
3842 4993
3604 8005
9566 3373
5863 5121
5056 4241
1332 2370
4018 151
8876 2520
3199 121
9218 8658
8078 6211
31 9394
5471 4799
5665 1986
6952 4668
7953 5779
8292 3843
574 7728
4602 362
5533 7434
412 9216
378 3147
6880 5268
8917 7587
1217 6537
9981 2491
3360 1235
4904 4228
8643 1799
7105 5809
295 244
152 440
7333 570
6469 6175
2663 86
9546 4345
7929 8747
1622 519
2837 3504
1005 82
7422 6441
607 8440
7757 8815
2298 2412
9561 7867
6623 5567
9577 751
5142 4403
5455 5383
107 2238
3993 8728
7675 99
7074 4322
7353 2691
2724 9792
5500 7526
713 7268
1267 9813
5309 8230
9294 9532
877 163
9374 3177
459 4524
8465 6410
6729 8997
9625 7323
7043 979
703 4175
3608 1784
1854 9997
6678 7557
5270 1119
5661 1978
4465 9353
6155 2014
1715 5929
1619 4448
7376 6769
3528 4607
8622 4363
4198 8404
7910 2232
1453 5643
3712 6719
2546 4458
4712 9843
845 2245
432 9166
6045 8204
1676 8278
858 2091
9727 8696
4129 5668
1486 2266
632 878
3885 9948
722 7078
8482 6386
856 8342
5714 3441
2285 431
2808 19
2483 43
5674 4898
4884 2500
4718 5813
7486 9665
8943 7518
2094 5038
5905 7226
5414 5077
6412 6508
9431 2937
2338 4925
5351 2395
5723 4134
7590 4858
7855 2842
4809 829
2087 3395
1966 9059
3095 491
3082 9494
2204 4498
1777 4492
6196 1835
5849 4246
6357 3267
1935 7066
8478 4540
5199 9568
665 602
938 5859
6059 2054
8890 9747
7846 3568
8217 9659
3110 4012
6533 3462
1983 8146
4963 8237
2721 8240
5999 5931
6150 561
8703 782
5687 1708
1425 4881
3250 5846
5898 1498
5391 8383
9195 4175
9277 6361
5928 35
6364 8778
2339 4706
579 3806
2386 8832
8771 5217
5265 2850
9304 3598
3190 2070
1046 6293
682 3004
928 7591
777 5484
2861 5051
3102 575
4050 6324
8470 7463
156 6947
1781 9132
6446 9697
5298 2440
7757 1353
3993 8843
9465 838
4842 9214
2040 722
6280 7200
5305 4367
4736 9285
7498 4167
1912 5577
3462 674
988 4684
5471 7591
3580 4978
3642 7597
3791 2674
7214 2827
720 1381
2284 7623
3256 3813
4943 4751
3775 9809
394 5933
5995 1285
9577 2399
1450 7279
6171 8328
3174 7931
9267 8431
8843 771
1856 2283
6069 9464
2283 9284
7374 1476
9179 3802
7895 2331
5370 3142
2266 9676
465 7936
4650 534
3499 7927
7729 8559
4553 4148
8790 289
1018 4185
8244 16
4615 2171
2783 5600
1272 1962
2047 9837
4696 2067
1194 3608
3597 3205
1313 4769
1591 8987
5597 5207
4657 1028
347 4551
8202 7040
8483 1213
8290 7962
6570 6585
6539 2508
3552 4776
5462 7929
1481 6268
6229 5028
5778 3728
53 7931
1329 9008
3765 9997
7972 2570
531 5172
8811 2257
1357 6758
4474 2354
8269 4590
7776 4270
8259 1763
268 9143
8579 7690
6700 3627
1997 9553
7162 7206
8814 3479
1599 9956
3943 3931
9182 3482
9329 9052
6920 2805
5730 9028
5986 2124
8799 9083
8574 4132
8152 8251
4487 2356
6074 4016
526 3857
7289 4519
9548 2390
5588 2610
582 5155
5327 7731
2125 5807
2779 7732
1671 3781
9984 5597
2687 1626
1951 5961
3178 5317
9143 855
9434 6248
7400 1453
3864 1866
5893 7057
3724 2746
3131 7782
7374 3966
7270 7696
3843 3765
5496 2747
3683 4590
7549 4818
1566 310
1841 9092
3976 3310
3086 28
6890 2990
3099 7947
5353 4261
4232 4032
4484 760
1083 6688
9054 1052
6130 2894
7454 209
5611 5505
5915 9307
2760 7533
8155 9662
2227 6865
4641 4418
5168 9882
6514 2965
2964 1314
5813 6756
7431 2264
4981 1596
1333 8073
1927 4372
6555 2604
3621 762
5051 751
3889 9436
9255 1885
1781 9773
4789 7681
1164 7224
4185 804
2530 612
9067 127
568 9518
8590 3240
7893 5093
4914 1583
3722 1700
3108 4628
21 3270
3586 3099
3790 7901
9931 7993
2062 4025
7395 4776
4419 4951
4399 1604
7368 7101
5691 1204
3714 7537
3290 4508
8943 9592
7279 9630
5517 7959
2456 6409
2293 2485
3735 5202
3566 4778
5219 2734
9092 1514
9069 6694
3440 5831
3357 8790
9487 7475
5517 6960
7002 9003
994 7783
7740 4876
803 2460
3007 3638
9537 6138
2555 7034
6225 7149
1280 1656
8575 1752
7824 419
1321 7745
9461 1567
1989 5699
3795 5523
6491 2591
1285 4633
7899 3151
5573 1021
876 2307
3626 6119
3193 2931
6119 5535
355 3211
3225 7827
6878 57
1066 3537
5954 8824
6802 9449
4954 9867
3255 1870
5735 888
2866 7079
9993 8925
8911 2496
8468 9338
2067 969
7273 2865
2325 1620
6844 3281
7070 1992
3163 6602
1393 1817
7194 9962
6668 6308
1392 9551
5167 2845
1621 2897
8790 2771
7109 9199
1862 4687
9530 6212
8636 8010
7660 9815
7005 9617
1604 6231
70 9462
5721 382
91 9814
8504 2922
7519 9308
8166 3419
1478 4239
5129 326
9402 500
7753 5635
5338 3196
2687 4965
321 2049
2892 6242
5277 7217
8001 8966
3512 9874
3591 8870
4997 8542
559 4006
4237 6841
7337 9304
129 7925
5918 9607
3920 2657
3215 9919
2453 10
9258 3946
9794 1704
6204 2961
1477 5709
2355 710
5776 258
8654 1375
2971 3623
1330 4039
7803 1111
2430 6379
3318 7019
9356 4225
4785 2439
4673 3689
9705 6568
884 709
5659 3962
2750 5822
3474 9523
7789 9928
8799 5392
275 9960
840 1960
9389 37
3056 3879
2259 8247
465 5770
6686 2206
3225 1869
5399 8977
1453 9390
1796 2791
7226 7335
2927 8391
2102 5102
6855 2178
1547 8149
5422 8206
4890 4756
9868 5671
7599 2858
9281 851
7829 9428
5809 4629
834 1926
2867 2767
6199 8014
2992 8015
796 6192
8722 7182
3712 907
5910 6059
1658 2260
3467 6187
2909 5631
9418 1862
8826 7474
8796 6159
5818 7759
939 5651
591 4704
8792 6377
4070 9245
9378 398
7993 7862
4858 4157
3535 1811
6911 7595
2027 2524
403 6115
3510 772
3492 6493
1759 877
7644 6069
7086 6614
1047 243
8804 7894
6467 569
4641 237
6152 5651
694 5333
8789 8241
193 837
6184 2438
1323 8698
7024 9263
4294 3964
1289 4562
6700 9062
8833 8487
1731 6210
7569 6358
7706 1151
1976 7762
5820 7479
4731 7227
6544 5349
4124 2863
2661 2940
1300 1086
3618 3280
9650 4241
6842 8166
6260 9551
642 2483
5527 3058
2955 3433
3483 573
779 8509
1223 2712
4780 6307
3658 906
6316 7835
2049 4714
240 4529
3507 8410
13 8451
294 6572
4122 8166
507 8093
2291 5179
2148 2172
2571 5657
535 2479
9854 7971
6159 6717
5864 878
7021 7757
8604 8477
184 9542
5298 2943
9699 3668
7494 3474
415 8512
6343 2643
1075 4415
3697 7303
7555 2703
8211 4792
9932 2268
6285 4512
8151 9942
6404 6137
9796 7710
6560 7117
7542 2247
1127 9012
9383 3911
9500 2349
3489 2530
4260 1331
6081 8380
3573 9334
6368 2036
10000 6096
2738 2653
5609 1649
5831 4828
5169 7304
2008 8810
991 8671
9795 1102
7969 4651
3480 8582
6281 7120
6504 172
3986 467
3756 7930
5922 9610
9987 2699
632 8657
4053 4722
6361 4149
7393 8403
9597 4377
574 6315
8685 8730
7010 5907
109 6021
168 3521
7544 2894
4867 4065
3446 8987
345 976
8512 1762
3173 4994
95 7151
5261 22
3051 8938
9968 346
8822 6480
4440 5513
7555 1022
3270 5627
1669 1963
8869 4486
9032 8238
4946 6718
6440 7686
9233 8914
2461 4785
2941 33
4235 4104
4348 7207
2094 8821
4165 355
9874 4191
4689 9422
4312 5967
8203 5531
4410 6715
8167 3431
9303 5803
2640 9200
7888 3319
9128 4420
1655 863
4561 9861
6281 4935
9886 3754
5011 5269
5136 8158
3955 5325
9475 3999
7056 5708
8444 5258
4359 2986
2564 4116
6583 7353
7022 3834
5642 4835
7627 5448
865 628
6164 2320
696 562
6138 1078
9782 8979
7207 6443
4951 1455
7233 9385
3280 9211
2150 7560
4313 7482
1973 1509
3152 4000
4020 3837
6395 5962
8211 9525
5634 4665
7087 1199
2529 8662
4568 5946
1996 8746
6686 737
5829 1399
5933 9400
276 4496
8869 6615
4724 43
9093 7423
8056 4380
4368 9159
9174 822
7237 2447
844 2171
9917 3498
3935 9529
9148 198
538 3783
7202 9378
3220 1732
7312 9093
4999 2040
7713 439
6500 6515
398 2818
4354 9915
2071 8281
8668 3027
3070 6800
106 632
5481 2325
3124 7534
7249 4995
2387 2374
7913 9086
7528 420
4711 2739
7966 1149
2709 5362
7029 9488
5224 596
2474 2894
6028 3775
9450 4309
443 7133
1269 7288
488 8995
9493 2816
665 2867
8585 4500
2832 6353
2089 5750
8146 3217
6194 4410
1224 9368
7535 7297
3557 818
7591 8664
981 8283
5540 9602
8189 6713
3437 2584
5774 4689
590 9213
8408 1630
7330 2971
3568 5910
8344 130
5561 3710
1085 7332
6275 5416
2695 2728
2413 2057
1816 143
2647 7169
8073 6561
4481 6427
4377 8855
4369 9980
8736 9116
9090 5646
8871 8653
2334 1031
5589 2265
1833 4367
1928 5752
6294 5345
7353 2434
8484 5392
9552 885
1384 2516
2445 4277
2922 1040
8856 9074
4463 7046
8559 7817
4974 1428
3830 5915
1891 1151
8570 4776
6018 5475
8026 7294
807 3352
8067 4179
1295 7846
9047 5291
1388 976
4140 6015
4215 529
4614 5168
4106 5239
1462 445
5542 4962
2567 9255
4715 8713
1522 4622
3105 273
2574 9415
4943 4986
2510 5799
2434 4131
9291 6352
5423 4684
5528 1787
2558 2763
2746 5982
7093 1301
7783 6904
4226 8785
6574 4888
3649 4905
8096 4440
7450 9079
4660 7782
3350 8320
7791 1775
1694 9326
3433 8727
3183 3382
9580 4359
8985 4894
7297 2198
2427 3092
3910 8789
1135 5031
8300 1669
4336 6022
2067 1869
4613 566
4259 4448
7307 3915
1475 1939
6556 8315
1461 7975
8233 9759
2566 1982
7008 3311
1086 1421
5935 1314
4399 7952
3195 469
9139 1202
2382 7934
3672 5067
1800 3153
3439 9296
2772 4154
501 3280
8913 3145
2817 4812
5036 4492
2319 8111
2681 7203
4131 6902
9833 2830
3064 7499
2716 1512
310 5547
9415 2940
1198 1645
9718 6606
903 7725
2714 2358
6294 7074
6865 972
9369 9228
7278 9111
9972 5074
3232 5107
7253 205
5341 2924
9679 6879
6586 3409
1876 817
7839 4336
4550 7254
9857 5585
5865 2247
5641 4973
8302 1576
7125 6950
2406 6612
110 8049
4521 9998
3652 3768
995 605
9309 3586
4695 691
7102 6013
8531 7661
4388 1250
5146 6103
5711 836
941 6236
5925 6941
9748 3634
9011 2581
9796 6713
9870 9065
3961 7816
3529 7432
1093 7894
605 6848
5103 3936
7256 2838
4777 7728
6668 4878
7707 3767
7195 2317
8275 2503
732 9239
7710 9854
6329 3020
5101 4501
797 4258
6973 4875
6040 2966
4389 6688
7278 9712
9403 3564
1806 8530
5832 2176
2728 5046
3309 6109
7092 172
7229 3386
6629 1927
3440 8349
1053 203
6593 3058
6184 9215
5688 2431
6358 7570
8647 3460
4102 7766
2416 8897
8840 7765
9923 4436
7149 8625
5430 6977
9863 3703
1282 6227
7533 7584
5197 5
9429 8665
8649 7964
5305 5677
3163 8335
1988 9863
6453 2448
7337 7746
9584 8896
1086 5809
4189 3984
1683 5691
7411 5020
2725 6403
5447 2556
3412 4062
8524 2038
3113 18
9537 1821
1413 1780
785 9380
5541 6437
4803 5398
7273 9029
870 9521
3831 5493
8546 1251
9532 666
1873 6341
1522 2358
8542 8922
974 9585
166 2872
5512 5213
3667 5227
8810 452
1921 1776
1975 4156
9877 3623
3112 1604
2795 7735
9829 5105
5094 5752
476 4584
749 1541
9832 9126
5935 7444
4554 2539
2867 8022
1848 6901
6999 958
2253 9461
6116 1825
8331 3295
6275 8056
8276 5144
157 774
6880 3250
4092 6001
1170 5738
522 5434
7115 4097
6290 7462
1587 835
3296 7181
8117 694
4138 7980
2838 8430
6526 4671
9710 1855
4580 6148
9920 9676
8076 222
3622 354
9909 8788
5315 9905
6952 5339
2971 4514
63 9014
9333 5792
9925 1121
1320 9967
8525 5315
1766 5132
9836 581
8554 3013
3306 1985
9957 5186
7182 1830
6852 4915
690 3399
1866 6485
2181 262
5658 9975
3172 6108
1974 3954
9116 4603
3645 6621
1751 3139
7586 7701
6123 4539
1044 8113
8329 1141
8386 2846
1508 1514
9272 4551
6961 7750
5388 7533
6960 4848
3301 7614
1971 259
4642 4529
4145 3789
5136 7334
8810 7818
1243 2732
7968 8903
3315 1927
720 544
6094 2726
3135 9083
9890 4487
4341 7163
7674 72
9227 2207
1852 5832
9764 1572
2864 4591
1013 8416
9368 6391
5803 2579
549 9504
4312 7901
4977 7859
521 7643
7267 193
8309 9026
8209 9764
7701 2793
4470 764
4427 8946
308 4617
3645 4411
1250 9999
4112 4529
2620 9802
336 7137
3146 6363
5577 3373
4449 4766
8891 9208
9884 6696
3044 8293
4764 5008
7431 5362
1283 5648
8939 1211
1434 8576
4454 739
792 9743
2609 7646
7303 277
2136 4987
5356 8428
3690 3414
5191 9397
3192 72
4520 5548
7682 9894
9238 7132
9363 237
1093 4670
3872 8978
9826 5385
1151 3828
2376 7549
8647 3517
3141 4978
2576 5984
2163 8952
1768 3549
9247 1724
7636 3990
9845 8683
1449 503
4962 6182
5594 6940
9631 4483
9603 3801
4821 1384
4449 4579
9524 4149
7909 8261
8658 3822
2216 9116
1145 1357
7745 8096
8926 6280
7517 688
258 9101
8479 1486
7999 8465
8670 7723
8085 2015
201 9535
1299 8305
6583 6083
7376 7355
4107 4023
1584 3406
1321 2788
1481 1052
7756 4019
1766 6207
3907 8420
552 2794
3115 8323
2514 9903
5058 1120
1334 5821
9985 4160
8972 1577
685 2723
9469 8722
2461 805
2009 7031
4486 2032
5593 6234
2427 4271
1567 5794
8630 5406
6844 1516
8372 5393
7641 3893
5031 1389
993 8117
3368 9315
6692 2510
88 6203
1371 5889
4374 7918
6033 7033
124 3617
3490 3941
3444 5351
3958 1169
1933 2528
4987 9324
9850 9520
4787 3246
8930 9709
4125 385
385 6307
4295 6993
1852 7114
5487 5137
3608 981
8625 3452
4755 1155
5085 7014
3411 8633
7447 207
2167 7
332 9314
1992 4185
6535 2901
9578 3070
6185 8361
1429 9235
9199 4283
2331 3342
8264 9833
5818 4092
2870 9818
1307 3855
4338 6441
8815 1556
460 4102
7102 4320
2787 2165
2897 1001
8033 5142
656 1364
1154 2041
8100 3606
4380 3023
5910 2761
7196 8273
3678 2827
8121 2036
9207 3246
4645 3985
6031 5164
4738 3574
3495 9753
867 2354
8034 5609
2629 1837
1232 3216
5073 1361
8546 8943
8611 820
5159 3244
7081 3207
7675 9509
3379 6221
7550 1061
1401 533
55 2529
4238 750
5528 7653
1079 8036
17 6173
273 7496
8284 9394
3181 3276
5122 812
9626 2157
9615 342
1968 5453
8333 6232
3732 6518
9152 7210
2158 8756
4516 1962
8652 8839
3194 8682
1476 8828
7172 1450
7992 8838
5342 9191
8059 2217
9658 5562
7237 7584
3814 9468
5192 6977
3950 3832
1787 1259
980 5011
5114 682
744 6273
9695 3374
6889 6315
8719 4603
2361 6549
6730 648
9208 6199
304 3386
4442 4132
7424 9940
6761 9561
7409 1682
8649 3067
9204 9914
9155 489
178 4698
4368 514
5410 7113
1412 4501
9151 5437
7614 8617
8353 9541
6649 6941
1140 2305
681 575
720 721
2746 8187
9695 4972
4776 3214
4308 2204
4652 6815
129 1307
90 6832
3913 2323
8205 6492
8347 6347
9957 8915
740 2694
7866 6012
6795 2274
5152 8308
1670 5166
8984 1764
7106 957
947 8258
3602 9208
9515 900
8168 8891
2653 6830
6179 8015
2047 2915
5587 1845
3294 1807
7294 5085
7967 1049
3090 8321
7480 8861
3344 3099
1128 6705
2788 9060
6995 997
6699 898
5476 9825
7112 2075
5962 5648
2137 468
161 8682
1227 1266
5899 3345
8059 7294
7644 5612
9716 7370
92 7992
6270 215
428 6419
4555 587
7245 4012
481 7145
8983 3456
5693 9076
3394 8801
2098 1442
7997 3931
1487 8422
2490 2536
3411 990
144 1007
7706 1560
9381 3007
5684 4968
1054 2884
259 6956
9058 8045
8297 4273
4547 7566
8535 4105
9344 7145
2401 193
9810 5032
8621 5870
2623 5848
4170 3774
7056 392
947 1989
839 3473
5285 4845
8210 8982
5908 5116
2750 3162
2016 1949
5363 8299
8094 9340
582 206
6941 6134
1462 7828
6757 225
7244 3495
7004 2073
7674 3481
9862 2464
5385 5136
9130 7825
8270 3634
8296 9320
6344 8360
2286 9727
3372 9913
8267 3230
6479 74
11 1234
7927 8063
6771 4916
7076 8085
8943 4194
1990 775
3813 6730
4980 1809
7901 6697
2474 1645
9821 5541
6896 2095
2749 6667
7233 5736
2404 7233
8526 7482
5626 6460
4544 3730
948 7623
2651 1152
3077 8232
8968 4445
2156 1950
3541 1430
2249 2414
2294 5652
7903 732
105 7836
8326 1375
3587 889
7351 8303
8889 7514
7657 1946
5492 292
8371 5003
8140 1198
4689 5860
5659 4007
2253 7226
8524 4505
9047 1944
8083 3645
2980 548
7367 443
1513 9397
992 5009
7084 1646
6093 6824
1668 2864
3408 8335
2033 5644
2413 3012
5124 8997
1911 6412
9829 4818
8938 1572
7669 6687
8982 2108
5169 7655
4882 8426
8557 4927
4390 3161
9250 2873
7824 3383
7745 3102
4784 4437
211 8803
525 3086
6306 1927
908 448
2969 6459
6192 7669
1143 183
3116 9358
7083 6784
2585 4214
3303 1654
3338 9933
9975 9328
7812 3820
4296 2930
7360 1552
1150 8566
2710 3229
6727 4165
3159 5758
3320 1965
2970 6914
6620 2843
6523 2778
1574 4290
5681 6179
9000 8894
6223 2272
8996 3152
4841 6242
6267 5294
7275 1876
3175 3247
5287 6344
1657 6488
7414 3036
5936 2332
2459 9391
2869 668
4588 1711
872 3174
2462 6341
849 1717
6701 2817
3280 5206
9837 332
8386 6540
1342 7794
98 6372
3548 4949
3535 1318
9097 5112
6705 6006
7997 8902
5756 8936
4327 1449
9871 3061
5241 5421
2845 7961
145 5066
6792 6976
6879 2129
7012 1671
5533 3073
1071 1795
9871 4227
695 1708
7368 673
21 7589
1714 1303
4101 2167
3997 7233
3664 1569
2471 5148
3928 5742
1976 5615
6165 9193
3221 8264
3742 9478
8756 242
6461 6097
9907 9994
66 6803
5961 5839
2178 227
7327 5548
8027 276
3643 5634
809 1357
1107 7143
9049 6622
6865 3147
4340 3389
6641 9424
7299 1370
7539 8803
621 4155
716 8356
2751 2145
3872 7902
7996 4652
2699 2879
5822 256
1278 4577
9460 1986
8254 6390
6000 2529
7101 3624
2962 9691
7697 2280
5437 5389
7058 9769
5341 1324
9530 1216
6444 4589
7451 8806
4575 4935
6341 6725
104 8001
3859 4944
7982 4559
5631 989
977 2986
4725 3468
8832 8094
2799 9333
6697 9079
5394 6852
380 375
5192 722
9572 4348
4324 5203
1815 6485
7040 9920
8556 9692
279 8065
4375 8805
9850 3488
8548 4342
3862 5297
5263 8136
9191 8550
8724 1545
3620 8225
6746 5053
4672 58
4328 472
9319 4186
4996 9403
3030 5943
6968 2686
8286 3238
1536 9343
7838 8944
3420 2304
3403 3961
6083 8490
7965 7033
2989 1520
2844 2887
5633 3261
1420 5760
7650 2318
7903 8566
4547 2127
5236 1523
5529 6407
8235 8087
3621 293
2916 6044
1506 6656
5334 5074
3903 3702
2148 2337
694 1120
5093 8319
288 353
2709 9773
6124 1043
1887 4851
1830 6833
1236 5208
4507 4373
3063 6040
5914 4947
2705 3817
1142 1239
9624 9627
6375 2266
645 7069
8027 8959
4666 6948
1959 6097
6131 3922
7465 3473
2818 3360
7099 7598
4934 4886
9069 2018
6096 3687
6529 452
3263 3629
7283 8414
9847 8367
8700 695
935 9296
1620 3181
4329 4990
4659 5253
4970 7031
7963 9214
4127 6352
8900 3700
3628 1913
6795 8431
473 3327
1417 710
5840 7696
5588 7290
5641 1877
288 1872
7599 4774
7193 9426
5109 9531
9706 4603
5364 518
8797 633
3925 6885
3249 6123
477 1312
9994 8349
1392 299
4707 7254
638 7827
9642 2420
2775 8900
3392 6711
9273 6798
2291 1673
2686 867
821 4559
1084 6362
2826 6140
6531 5233
7551 3653
314 8588
5698 9052
1993 7723
7541 5176
2764 8155
3487 130
3970 3692
9368 3414
6260 9981
4085 3822
7950 9452
1848 5465
6461 51
8945 5438
5555 8763
5343 8390
3881 1180
8526 1875
3675 7378
5345 1910
9360 6018
5443 3447
4088 6048
6885 2962
6187 5059
7044 6093
8850 1325
1797 4409
3696 7298
7719 1236
4971 1930
8542 8373
2884 2216
3834 9607
9322 6916
1506 1343
2110 568
1181 7125
6135 2355
5179 5348
5409 512
4932 6859
6368 3794
7285 3179
9028 3665
3476 5942
1589 4406
9886 520
1426 7366
9261 3791
8678 6078
7950 5486
2068 3168
9464 3225
7738 8659
2064 3185
2167 5379
5396 8106
9433 9578
1571 9274
8762 9798
2947 9460
2089 2041
9473 799
329 4743
7129 1332
5042 1456
6413 4343
2938 8573
6415 7155
1436 8286
3353 9965
8266 832
724 3707
1452 3959
294 2584
6626 9065
5948 857
4027 8630
1408 1173
3689 6693
2497 380
178 1286
3633 4581
6356 8853
6108 6786
1066 5499
9054 266
9249 9663
5654 9908
4196 6818
5195 1275
8783 6098
7559 5061
4785 3322
5147 1491
5134 2270
7751 890
1873 6444
3588 6917
8733 4844
1066 8906
3586 8871
8813 8553
1014 5486
2341 4469
6633 5595
5185 1556
4256 4093
627 1431
6372 7743
6208 4276
8908 4308
1950 1876
5113 9712
5752 7547
8041 5637
2765 188
7393 3112
896 5722
7578 6539
7703 8881
7531 6569
3851 3727
2594 4356
6312 9641
8233 1750
9059 9857
8885 5809
4307 6186
2650 2816
3179 2905
6995 1432
8204 5833
9368 3652
9456 1236
1999 2175
7046 9964
1515 5636
3010 105
9248 1332
7035 9641
2351 108
9746 7864
385 3617
9272 7430
5621 1357
2424 7409
1265 9182
3729 5935
9303 1721
2051 8482
1452 8893
8664 4826
8881 207
4237 6779
7040 945
7925 7195
8373 8389
6887 1939
9213 9847
4888 7680
1608 8878
7166 169
6341 5677
8805 3407
4317 7149
1162 8964
6897 549
8356 7218
9336 7570
3161 1457
5901 5501
7060 2821
3174 8160
5083 6042
2288 4189
1421 5942
8111 2122
6071 6604
4933 2511
9788 1406
371 6929
8063 7953
8888 6750
8484 3204
8917 5419
7835 4247
3868 8497
1069 5651
1726 2794
3836 6426
2966 7948
8830 3686
376 6045
1335 8294
9437 3518
3947 1516
5631 6237
4034 8110
439 8703
1580 7910
2439 6277
6684 5196
4750 9005
5808 224
6143 5653
7647 5999
7762 962
5206 8192
5825 6273
4431 5783
3734 2032
9296 9827
587 2712
5273 6349
6975 5687
1359 2729
4151 9415
3960 6136
7606 4763
4359 4032
7145 851
527 3929
5743 4461
3903 3703
8899 1470
566 3429
9694 8619
2000 6174
2019 4714
277 6399
7718 8890
6680 282
6329 5417
2004 6572
4152 1654
8175 1181
9748 9571
2885 1270
5041 6525
7141 8954
8223 2839
7859 8541
755 401
5545 8317
7323 8362
6925 7027
8890 5457
240 6756
8613 2478
1665 3009
3838 8269
1000 756
7429 9087
7432 6152
9250 2655
6736 3273
5083 9374
558 3732
8649 1523
1841 7350
3002 5993
2836 8010
3977 2315
7400 1927
6690 6477
1556 8523
949 7345
3891 4852
2667 2401
1346 9604
1923 5442
3105 2865
6804 9420
1039 8551
1025 2971
6260 5257
8512 880
1145 8599
2857 4663
4206 8020
2089 3217
5119 6723
7563 5321
5951 7066
7194 4951
2668 2506
5247 7038
754 8785
81 1465
3806 6377
9214 352
8537 1611
7402 7356
3390 1594
2685 271
9126 2176
1212 2177
7406 3189
2818 9550
8324 1987
6028 3322
9304 7187
9807 1373
682 3619
839 8449
9539 717
5519 1066
2160 7035
5362 7374
6716 4890
7647 2225
317 1631
3209 1734
7220 4214
2642 6209
9507 9865
5364 8328
2044 4049
2966 5506
9441 2586
3995 625
3244 9651
9619 9685
5671 752
5835 5252
4795 5757
2100 6691
4056 1806
8166 3867
7650 8277
4135 7554
9206 8182
3260 6009
151 8462
834 973
3356 4404
9166 3248
5080 9129
9428 7749
6020 4956
2512 4793
5597 2230
8788 9118
6833 8754
3673 3948
8473 9918
9704 7565
4703 9412
150 4594
2173 4296
3066 9965
8969 1858
8441 5165
3095 7960
6477 645
804 111
1977 3309
1634 7198
1730 6086
1531 9587
6887 5523
2297 3245
3056 2078
5555 5849
7966 947
9712 7034
178 4378
3747 469
6289 2352
9127 8872
7682 3236
2734 1913
4963 7309
4704 844
7599 2908
3129 7526
874 5937
6202 6654
3576 3617
4335 2546
7733 3730
412 4434
1101 5732
378 999
3352 1069
1706 5447
3072 3249
2670 3572
7985 9439
8839 4150
9989 5031
4305 2155
4360 8635
7130 2670
2919 4826
9450 7554
6399 5644
162 185
3235 3284
737 8556
9502 8898
6857 8505
6921 6229
9981 4232
2502 9629
1953 768
2470 9221
228 9347
4688 2304
9345 9112
2458 2840
8224 2264
5064 7662
2083 3896
9760 7065
1787 800
1914 8315
4969 6871
4399 9333
1443 3492
2317 7798
9878 8309
4945 1111
4697 9304
5714 6750
8197 2360
4776 695
4641 1405
5604 1769
3759 8922
3767 4805
2648 9017
5186 97
652 5430
7829 9971
5654 251
6154 8357
6468 1201
9550 521
160 3863
9446 9614
3531 3662
6890 606
8702 5840
5976 2479
966 3957
5627 5024
7059 1930
454 5035
8128 5392
5619 5295
8998 1985
8729 3844
4348 2546
694 7753
5033 45
9342 2609
5010 3619
5870 1244
1170 924
9597 2388
3879 5809
9444 4273
9089 7391
8857 6789
5084 1822
7886 9821
6465 2302
179 9301
3744 3324
1620 7294
3020 9780
3545 1911
4059 3253
6270 1894
8687 7593
9719 1424
541 3111
6935 7657
1892 5658
184 2796
1465 4809
7785 7542
9057 2269
3784 6581
7079 7460
4119 9469
4897 2117
5689 1473
474 4340
7362 3008
2953 7630
9579 9152
8884 2466
2458 8035
5808 8517
5043 4345
5465 8273
2512 3015
354 4392
4655 1253
5700 4022
207 9180
4843 4931
9701 660
2507 8515
9540 963
4275 8128
6118 7841
2172 5165
1595 1349
7564 2908
5171 8485
8822 3822
7923 2805
7496 2627
5972 6403
9590 4540
7045 4512
4158 5684
1385 6487
4580 5265
6729 8185
6160 997
6160 3639
8585 2601
8255 2323
6141 7356
7264 5040
9901 6970
7726 4232
4776 4837
2354 894
297 461
5378 7607
7365 1680
6055 6034
853 391
9029 919
3892 4876
9486 7366
3747 3406
8325 7462
410 4811
9089 52
4287 3231
2771 9287
7228 255
1117 9106
8465 3103
4328 7303
4411 239
7519 9323
9887 6815
7797 708
2141 1031
9793 2777
2877 3265
4232 1952
6532 5998
9106 7236
3793 7423
3668 5146
4870 4466
3648 7938
5924 5890
3969 4732
5837 152
9933 193
1203 3131
8417 7907
4487 9892
8861 4472
729 5164
5645 7675
8764 745
6053 6860
3347 228
9260 6704
4799 3320
4990 170
8273 5101
9196 1163
8888 4796
308 3794
7710 2510
1138 4786
4821 716
9753 7376
1506 9356
3127 7692
4752 1681
7548 9482
911 2124
9751 5403
3414 7733
3456 3704
3524 1671
1161 1119
3635 5967
2073 9568
3603 6411
9927 6830
9705 8685
869 6112
285 9865
9716 4770
6505 1557
690 6691
7986 6508
2872 9783
2130 3762
7124 205
8632 4395
9876 9553
5075 1848
493 1091
234 5697
4302 7896
2030 9220
6147 8194
6285 5345
5821 9981
6929 4215
8748 7517
6204 2909
1795 6285
868 4151
542 5226
1962 8279
8384 4879
2529 825
9816 4250
5054 968
6184 8572
3646 9968
9144 2351
1028 5956
7308 601
6444 8113
2607 7980
951 4198
1270 8011
6272 3226
5492 6836
8644 2437
4413 599
4843 3383
480 2181
7603 1874
4905 4667
4122 8629
7363 1012
4187 9882
6272 8945
4054 3750
8320 3136
4539 9624
4633 9442
8155 8359
8570 2045
5335 9266
9932 5322
3942 1101
9318 928
3445 7202
2016 370
3768 423
4001 6298
1316 7553
6946 7735
8436 6697
6283 5088
5421 9968
3616 5743
6165 382
5545 1989
5969 9852
8077 3123
2170 5007
7700 5876
4368 4766
5825 7023
8085 8825
8551 5468
5016 346
7567 7107
5070 7286
4861 1945
8839 1343
3836 6019
3231 4071
345 4503
3980 4263
6526 7716
3130 3794
8130 8798
2346 4628
3572 483
7167 5711
669 7417
5848 9585
8699 9251
1934 7183
3163 4811
151 936
3246 2387
5836 1963
8392 6234
2929 867
7877 8842
1164 2453
5201 7826
2940 5648
9814 5861
1914 2139
2863 8007
9583 3108
378 3313
4083 67
1138 4622
3443 5318
5329 5455
5180 6718
9044 5822
3713 8431
8225 9241
5096 8406
298 1611
3495 4308
2327 6131
9995 8625
3405 7624
2451 1855
653 58
8389 1703
935 5815
6391 687
4085 5479
665 4289
6321 5715
2572 158
758 6737
2176 2427
9726 4971
7162 6023
8473 6893
2424 2212
4627 9229
6273 5684
3965 954
1899 7271
8853 8363
615 8706
9971 7900
3956 8731
6599 3510
6052 2402
3651 2611
6693 816
4249 9254
2710 8597
5650 8606
1191 796
3976 5131
2294 8805
3113 2891
4050 6636
6130 6707
7830 5905
8828 8715
2567 1611
4510 9120
2004 6920
4593 7525
6957 3724
33 8588
9129 1119
5259 7687
2563 1402
8964 8377
6398 4177
9517 167
6186 334
7553 3196
9314 884
7966 5449
9312 9611
4097 926
9332 6581
6177 9761
5287 7146
3451 532
4007 2083
6484 8654
2155 5105
8387 8193
3024 3245
5708 6902
6301 1889
3945 5834
9426 7061
7517 5356
3476 5366
6420 3834
8830 5901
6867 3432
6031 4231
3199 9524
5338 2980
1676 4416
6295 202
2019 1593
5479 4448
2481 8829
9310 1433
9784 5750
3734 1960
5911 5778
6736 755
8934 2380
6985 8073
2935 4686
8715 4246
9906 5899
7993 309
1669 2528
7478 45
6289 9814
4011 7310
5713 2855
8616 1139
6353 7306
2786 6996
8984 9786
3670 6287
1201 5428
5628 6205
6578 1978
7385 3705
7584 6147
8800 8297
652 1510
8257 6380
4253 6512
8428 8122
9953 5898
9871 8570
4435 1083
836 2140
3943 3519
9341 4118
724 7798
5012 7362
6010 5826
9682 1739
9396 8820
1522 1164
9806 1893
6665 2438
9725 3847
458 6541
2918 8008
1985 1500
617 9040
7380 2057
1948 9833
9209 7427
944 6549
2964 48
2506 5252
6768 6680
3918 7551
8115 9990
719 7767
8143 5415
9560 8502
8997 5629
686 5682
997 1665
8733 25
8855 2727
1707 692
8773 7790
8320 4202
9062 2479
3038 1352
2823 2325
8090 9371
1283 2357
8202 9280
5709 5307
2065 4651
7389 9998
4261 6862
5565 6866
9692 4481
4303 6074
2362 4636
6789 4079
3014 3446
5210 2688
5118 1626
7164 4831
346 2492
1825 7384
9842 6052
7612 6102
7478 6854
9678 6082
9334 8259
3507 6004
8753 5847
8339 650
3753 3707
1419 5692
972 7281
1170 5465
2001 7887
1602 839
2137 1078
2531 6858
9625 4449
7002 602
8690 6101
3634 8120
1662 3155
9749 2177
2438 6054
48 8403
4587 2351
8188 6178
1862 373
6895 8215
3207 1902
8346 6221
8233 6185
8410 7335
4291 2285
8472 1465
5180 122
8396 7267
2630 9816
6563 6839
3021 3701
1790 928
2739 6890
2680 1624
2402 7964
413 3952
374 6757
3158 9049
7076 6223
2922 8277
7053 7962
7391 9316
5371 666
2658 3394
9050 2998
1028 5802
5153 669
2098 1054
14 1784
3742 2949
3974 9246
6273 2468
4838 7903
8016 8902
9106 9314
2193 6802
4200 7984
3205 642
7745 9751
9868 5355
1546 427
7779 984
9917 1977
6458 2739
9389 9004
9541 7271
4277 49
6083 9760
7764 4868
4552 9783
4023 5251
6675 7124
8509 2105
2056 5628
9870 4393
1468 7946
9871 8568
4690 7529
2395 2512
8007 4863
3377 1310
6365 4738
9123 1467
124 7836
7739 4634
9242 755
1381 458
4816 3305
6785 2428
2939 5444
9684 6838
1107 5274
8034 6737
586 7588
8842 4567
8534 4448
5569 4716
1603 8473
6352 1972
395 8087
2260 4185
4953 774
1989 6879
1122 2757
1474 9760
1817 2866
3098 8001
396 9709
8521 4071
7715 801
3537 6821
6369 5697
1453 5595
2036 901
9673 5905
832 2189
6649 2473
4892 8781
1667 8497
3060 967
505 8788
3025 2632
248 2299
7278 1378
6981 6224
643 3940
6776 3359
4748 1204
2835 2918
7230 9487
6511 7701
9983 34
2990 8017
3287 2125
8609 7176
3982 1013
1909 2761
1152 1954
3257 5111
838 7148
4228 8769
4246 5534
1758 3515
7536 6752
5556 8164
5783 6450
774 6223
3953 9218
243 9096
4029 2494
6134 9495
467 4125
3697 1891
9726 8687
5874 1476
6326 1303
8445 5294
207 2208
1796 7949
6733 1764
5811 1506
2885 6505
6362 1939
1425 1734
5167 3881
1154 1117
5273 116
5718 9963
5508 9076
3787 9823
8036 2796
1744 3481
8013 8855
1642 9773
6120 3111
8169 8742
3359 3720
2452 7676
8958 3234
6929 673
83 6340
5843 2564
1649 7375
9720 2866
1095 1666
6670 3844
4793 4726
7154 4566
9755 6202
3367 7601
3823 9558
9254 4225
7828 980
3086 7722
4777 3662
4658 7538
7348 2897
1712 1285
2477 3898
6200 9046
6326 6236
5392 5180
4336 5926
7780 4832
9937 10000
7818 9979
1716 241
1504 9230
2280 1325
3545 3729
5582 6134
8679 9522
7999 8937
9266 4581
4246 2108
9712 5211
2361 579
3933 248
9683 8702
3059 3664
1170 2856
5705 2935
4002 640
8586 3119
7487 4866
5085 6461
1735 311
8986 8441
2388 1807
6782 5122
651 8151
8540 3320
1979 6165
8954 8919
7052 4187
7830 1600
6988 149
1105 621
2836 3532
9465 8508
515 7762
6261 4580
9571 9526
1191 2355
7725 5521
4366 8634
506 5497
4317 5623
3915 508
2163 88
8599 6978
1805 7072
3763 9315
869 4417
1934 7604
6924 9973
1607 7369
1320 3762
147 1742
3412 1277
9140 2779
323 7123
3205 2093
8497 3525
3476 8458
1712 5535
7210 9034
1031 767
3928 4786
4093 8349
4313 1631
8708 3312
9711 8262
2964 7942
3754 8918
5278 6947
3148 88
1180 591
7403 7739
8726 9822
9777 6273
4804 6924
5182 8250
238 8803
838 6964
8055 6771
8578 7841
4036 3010
5225 5347
411 2125
5011 9990
2604 6040
6409 6902
9764 2966
7607 2617
6613 5083
8875 1581
4667 9152
3572 9527
299 3160
736 9131
3921 2398
4877 3254
3664 9838
4640 1333
5670 6190
7181 8058
1442 7327
289 7387
7974 6132
1912 1023
3696 5482
9062 2012
4208 9603
9227 432
9888 6478
6299 2900
572 5768
5405 1118
496 7292
5445 1106
523 9786
998 9940
5693 7956
5326 9694
1625 9839
4107 5580
950 8934
5591 36
1736 9056
7794 170
6628 4584
1528 112
6700 9806
2419 1468
664 4683
2031 1103
7286 8078
813 5596
4192 2674
8081 9486
6507 7332
8288 6793
7972 4438
4665 8905
1152 9343
8385 5959
1230 9419
4388 8191
6977 9777
3502 7192
9836 1267
2644 4856
9519 3208
6426 3894
4235 2897
4591 3205
7510 7741
7900 4084
1450 2099
5269 2539
1391 1604
2215 5255
213 1043
5944 6853
6067 8198
44 375
2575 4497
5170 3460
1932 7369
7044 1980
5824 5937
6915 5156
9277 1593
2707 4758
7565 1274
4585 7002
7658 1820
5716 8577
2182 1736
9710 727
577 6446
7013 6045
1735 1321
1941 9677
8808 4554
2195 6235
5982 1439
1035 6008
6122 4057
3401 3105
6243 1464
8099 5645
2162 1117
4308 6069
6141 7125
4848 1198
8919 789
5234 9254
9542 6985
6249 12
3174 5679
2205 7483
7631 6276
848 2557
8411 6640
7145 581
1454 37
225 7217
8584 385
7113 888
271 104
9364 5279
2840 8465
3439 2737
6800 1102
1296 3792
3424 8033
998 5982
4187 3273
5240 3597
3664 2966
4703 1268
4173 5345
697 9044
9227 6481
7945 3913
2145 3440
2866 8558
6837 2764
5924 5900
6575 3660
6820 8851
4085 8807
5938 1508
6785 5035
4047 8455
9715 6155
6687 5046
3108 654
7648 8646
4771 2944
8452 8081
7801 490
8815 9015
2291 8847
8492 6580
6279 5061
9614 11
7516 6371
723 6281
3882 2779
5282 3243
4307 703
4593 2552
6997 5197
6572 8419
7758 2835
5220 6601
182 8693
1536 6357
188 1435
1380 8098
8003 1351
8597 2742
7535 9996
4454 2293
1254 6160
4679 5112
5513 5414
6518 3967
3591 7346
6876 7729
9422 9679
1500 4967
2471 3119
967 1793
2013 1412
7711 3262
7899 5940
9131 1381
1538 7577
4890 5432
9473 1427
1182 7889
7438 8641
5460 8848
7103 4268
421 236
5773 9179
3167 9397
3215 3016
9575 3006
6783 7248
8380 7816
8693 6792
1752 7911
7814 94
9692 5183
2250 681
9236 5992
3692 7500
3423 5516
3886 229
2037 1773
6085 9375
5909 2765
7151 9280
6382 5588
4533 9339
7238 9324
7930 5290
3616 9043
9784 9186
275 8268
6900 3285
5003 7876
6096 9659
5665 5465
5257 5524
8492 2063
250 1241
5516 5475
5225 1179
3026 5054
4022 5455
6051 4864
8876 2224
978 3628
1124 2480
1609 7195
6215 2767
759 6708
8337 119
1295 6359
2149 2852
6128 9335
6852 9181
1314 9723
8370 6108
4007 7007
8686 274
4917 6370
9554 692
3824 2441
3392 2217
4965 8299
6322 7003
961 970
5620 9944
2093 1270
4164 5992
2055 3895
9103 3771
6849 4443
2805 7157
7361 5558
8734 3676
3923 304
7462 5193
2631 2513
7292 439
3161 3665
2223 2683
1724 3805
152 1662
7259 8985
378 7947
7116 3098
8269 825
9116 9197
9795 9116
107 172
5739 3382
6479 3360
9060 3400
2198 71
88 529
9155 1341
6742 6018
3910 4182
9316 1776
5858 6355
9333 5866
3749 7144
6420 8650
4918 4046
2687 1626
7105 5399
7109 7154
1389 1183
614 9490
564 720
4237 3794
3181 2401
2282 7389
2050 2694
1527 8806
8279 2091
1724 6771
9942 2273
7995 5887
2158 7970
1439 1680
610 445
8433 2787
4396 2735
1836 3226
219 8853
2572 1921
1937 4417
8729 8578
7470 2264
7754 2263
5187 9907
2102 3537
1894 8562
5254 2247
9131 3006
4313 1497
3101 5614
4265 1395
2085 4448
422 8348
9395 6142
9154 1990
3965 2852
434 1678
9200 2862
206 1304
2364 2922
463 7742
8565 7904
569 4429
1760 3932
6135 7397
4953 3880
9628 4566
9809 2972
8191 4324
7622 6766
7324 2196
5638 6996
3366 9273
3408 6524
7012 9769
2791 7383
8810 6760
9179 7656
7120 7533
2345 4091
1882 4069
5297 6311
592 2264
4585 4468
8693 1404
1439 1707
8343 1278
2293 3777
7334 6501
1701 3876
5676 1945
8898 4860
1141 166
2787 4996
7843 152
4628 2033
6385 6651
5380 1303
1822 1999
5476 6038
4616 5436
6600 8519
4135 4847
7649 3437
1127 1568
2553 5386
9607 1716
4402 9630
1905 4075
5899 8686
7954 175
4283 2991
9933 1365
7913 708
7059 693
3336 1534
1762 159
690 8063
5196 1968
6968 3310
9822 7731
3341 7552
874 5368
8069 7227
7409 555
5961 4768
5093 8294
1645 2566
9859 6929
2223 5072
5983 4645
8645 1046
3380 132
2119 8096
2582 5180
3640 7632
3741 5701
8570 253
8830 8838
6211 3152
6381 9508
1818 2838
8056 8885
2228 1359
1149 7626
8882 9222
2328 9158
3164 5587
531 1705
7891 2045
5697 4985
3718 8022
8696 8818
9051 2026
7880 7830
9406 3176
5039 6497
5375 7930
456 7394
7877 6885
8486 5224
8423 8353
4867 2446
8034 1925
807 1546
6250 1886
1754 1102
9813 9506
9773 9659
6377 7492
3822 9920
6437 2347
6753 1326
7572 9291
3918 4245
2813 170
4702 7793
9068 5447
3134 4760
4219 9111
8574 1167
6041 7112
5308 5539
5504 2617
5958 8895
8080 4036
1989 6613
2378 3451
4938 8810
739 5487
4179 9909
8665 8885
335 8088
5946 7794
8078 1094
2182 7898
8141 3522
8737 1710
1318 363
807 3110
5649 5002
5116 8766
7118 504
3729 6610
149 7183
8264 803
1534 1630
1079 4396
1932 5722
3071 1863
6122 2614
9786 517
987 3338
8349 648
8005 6314
1758 5717
8631 8560
9426 5911
3818 187
7484 5313
6791 86
2546 12
6076 35
204 3294
1748 600
6662 4851
982 631
5801 4153
1406 651
6230 7161
8491 6664
2055 3441
1057 2631
3184 6264
9180 6148
3220 1214
922 819
2588 8695
9959 5895
7659 1243
3247 5488
7193 433
4423 7804
1109 8649
3407 9208
8266 2753
3805 2851
4773 6627
2142 2510
5922 4533
9127 5779
1475 3863
5962 693
6381 7530
2706 2540
5035 9080
2173 4244
2734 177
1453 6892
1718 2658
3310 5722
6204 2203
2521 3433
8984 2543
3573 9159
7184 4864
56 7404
8730 5847
1070 6928
5059 3745
2007 497
4042 9979
784 6897
5588 4858
4384 8664
532 304
7192 3780
7255 36
6086 1294
2770 5488
1979 6149
9851 191
7276 2258
4566 3431
9265 3035
4778 8163
4931 9013
1232 5905
6458 2793
5479 6104
8881 1327
9124 555
9184 4019
248 1534
7589 8597
8035 3559
9316 1401
8239 4799
4532 6705
8801 6878
2147 8984
9972 5828
4848 1460
7967 1981
7750 1396
8510 590
4305 108
2754 1241
5388 2939
670 6448
3055 326
3574 1868
7037 9610
9447 6078
6043 6009
8364 3555
9847 2087
9706 6476
1958 9841
6067 1519
9290 7246
6493 3396
4054 8925
6645 4025
9797 744
9645 8332
1101 818
5644 6864
5824 4858
6833 6108
6142 2854
3804 7621
9073 1970
5943 4105
6607 878
1489 7575
327 6465
7491 3344
9877 5245
5450 5540
2292 2367
6822 679
4850 6755
4604 6434
3549 3300
9714 2785
8588 2614
7656 5654
1730 4281
6319 6415
2943 9919
2363 1412
3339 8204
7425 7195
7264 6820
8938 6499
8584 2365
2559 943
6483 7348
8752 2096
6100 5408
5294 862
8229 2461
2642 1258
8832 8139
8630 7374
496 1597
4358 4470
9190 8747
4046 8752
1877 8655
2154 2888
7569 1501
5817 4365
1672 621
3065 6957
1371 5630
4473 5670
2928 9669
4003 8575
2400 7370
2794 6640
5083 6886
3377 2737
3658 7189
3359 1911
3567 4652
7364 4858
9768 3040
7930 3410
3753 171
2576 4413
2346 2982
3831 5191
3387 4075
7314 4700
4374 9785
6836 2676
2736 6918
4059 4291
9602 2563
4967 5619
7408 7216
5534 4178
9467 8165
2924 9590
6287 7812
6767 9734
2170 6477
3285 8037
1482 1299
5777 8150
3944 3419
3528 4501
6673 3418
3308 2907
4563 1856
985 1339
3642 3449
643 1227
360 2649
5688 4860
386 6712
3520 828
9953 1084
9813 8083
7589 603
6993 8605
7128 3134
5036 4422
6259 365
1794 7136
5549 6023
6112 9646
9112 4953
7815 9941
1443 7678
6057 5246
9110 680
3693 5358
4480 5516
2123 3058
1643 9784
1037 3463
6345 3153
1482 90
1401 823
8504 4830
4319 1136
9105 3346
9900 3255
8490 9317
5026 1875
7855 9674
5845 9575
2750 8699
9377 9311
3225 5208
9805 7406
8584 9467
6255 6354
2402 5857
3074 9750
4739 8793
9232 3109
1952 1225
3790 3680
4652 8090
4703 4861
4486 1860
9831 7951
2467 82
551 8290
7699 7035
3277 5568
4988 4848
8865 9958
8794 2650
3387 9532
9097 8658
3632 8447
5679 7376
7869 9611
4054 7644
3298 9644
2930 2393
3593 2361
9695 5570
874 4902
7146 8940
1281 9162
3854 2326
1014 9667
639 7188
8272 2283
3866 383
4138 3779
5440 4377
3110 7279
1138 5119
5219 3199
3187 8408
7911 4267
6937 5656
2459 192
9519 8490
330 3677
2852 6932
7527 6234
816 264
212 7462
6099 9636
8035 5248
8348 816
1759 8352
6287 1729
8736 6030
1466 4555
5986 1337
7842 5607
1649 7113
6372 8964
2659 6783
3022 440
85 7166
3688 9016
9576 228
7194 8148
5887 7881
1428 3135
9618 8256
2894 3954
2996 6629
4614 117
1010 3830
497 4714
33 5879
864 3287
8113 6727
1462 6269
8829 1909
8202 3906
5024 9999
2871 4787
8988 8695
5318 243
1480 8432
9 2844
2647 5345
6093 3874
4289 225
2230 1193
4343 2065
3028 6959
7734 914
5177 6204
5637 3081
1713 9969
6578 6872
8951 4947
7052 5143
6419 1570
7362 385
8714 9382
5415 2331
9076 4709
6430 6527
7448 2079
7545 6470
7297 2049
4582 4673
6628 300
7262 3010
4854 9796
9592 2143
5125 8472
1219 7754
121 5112
9699 8319
2004 595
1234 2257
5517 3519
4463 310
291 6390
2421 717
4085 2400
2963 9690
4322 4549
7514 9945
7445 4829
9245 43
6708 9621
1733 6894
9722 9940
6877 5961
6953 7435
5383 6707
1974 975
8446 2680
890 149
5398 806
1378 531
7419 8435
2815 2378
8561 7219
3800 262
1393 3980
8061 1310
984 9356
7186 890
5149 2498
5356 5697
8482 9065
7208 6268
9737 6167
2146 5538
3027 7984
4977 7596
1097 5284
7994 8177
633 3346
7138 4277
7339 5984
9081 807
1640 1761
5176 6262
1987 2918
5346 8823
5667 1630
351 7227
1745 8480
3956 1167
4479 2949
6584 8232
9410 3233
7491 7064
7311 534
5305 1776
4688 7921
9944 5857
5595 5271
1176 1006
803 9660
8577 6795
4787 400
6131 206
2079 3362
8207 8347
5566 7298
6781 6280
966 8077
1714 2450
8316 6153
8208 7712
6187 9715
3380 9099
9995 1694
2014 2087
1035 6675
3688 6823
4265 7971
1841 4264
5900 1286
4033 433
2358 7745
9326 1680
187 9689
361 226
8838 6421
7877 5910
325 6075
4642 3476
2575 8242
3387 4787
9777 4353
8455 6338
6445 707
5223 7954
5840 7465
9957 7056
4057 2510
5685 7972
9527 7578
7206 3301
4918 1185
2279 417
5988 2867
2394 2737
9273 550
4900 1942
2240 5835
9995 8102
486 3102
3515 7969
2552 3469
9266 3368
1828 4116
9095 3201
2816 5591
2407 564
4342 5017
7313 2294
8694 9201
8113 2565
1198 181
7636 6823
6669 9688
8255 8116
8860 3099
5291 950
4397 6859
5780 7140
2396 3202
3787 3908
5775 5387
4026 8947
692 331
3489 6544
1906 4938
4815 2411
6340 957
8597 5491
6139 4528
2605 7772
9431 9510
2153 3700
4260 8357
3795 7905
752 3776
6651 9263
2727 4976
1245 581
1142 5740
6469 2764
4282 6907
966 8462
7467 9966
5128 4880
5581 916
5260 7042
2721 6634
9416 9102
5150 6941
9707 7440
8108 4399
1962 2786
278 104
3920 4331
5348 7309
1295 9812
2857 5843
9619 4142
3583 8614
9140 6066
6454 513
553 6060
3208 235
899 2347
7811 8591
2442 3034
1244 3604
6280 1193
7105 2101
1930 990
3160 5340
6982 3899
8315 2132
1821 5039
1817 3798
3501 5952
1015 4681
5327 6797
5285 1403
9624 9217
303 586
9151 5440
6377 408
6851 575
1639 6597
9576 917
3594 7089
9029 1708
2328 3414
4365 4693
9324 3893
332 9550
1339 7801
6067 4264
8971 9584
4087 6701
122 1698
6395 9643
5282 6769
7553 7655
1732 5137
3807 7400
3372 3879
9050 8397
8841 9275
6274 4061
3467 7870
575 2523
4640 2630
6850 6329
3344 9283
3577 6719
7912 4369
1703 6678
5672 818
2837 3372
3994 9389
5648 3867
6860 6566
517 545
9573 8230
1469 5814
3101 9920
6588 8543
4704 1234
5630 7017
2949 4984
1928 7700
8599 2179
9775 442
1071 6824
6042 695
3348 8667
2331 7835
9420 6776
3833 5238
628 4790
6519 5586
1434 7906
2025 710
2803 527
1235 3951
3120 6781
2246 5955
6345 1270
4449 3927
2558 8861
5178 8718
2093 9093
3890 2629
477 5938
1376 9656
1583 6733
3403 5611
4520 1579
2485 5395
4014 2221
5042 7068
5753 1587
3925 2299
2451 9252
8132 6876
5001 5329
3884 8946
4205 717
6280 3471
3191 3799
5079 2382
9860 1661
4424 3180
3461 3150
9745 448
4527 3747
2359 6015
9204 337
3109 8937
2821 4876
5247 5610
3785 4572
8065 9391
7999 998
5926 7507
7968 8098
7820 8177
9807 296
2504 2528
5845 9274
9467 8824
1890 7117
3022 500
5991 4156
342 7545
1929 6583
2679 427
6301 8514
3925 3387
2343 1269
2711 9037
2224 2727
7598 5412
9992 1325
8783 9363
6767 4995
1109 5535
5589 5913
582 5738
4521 7625
9900 6141
3340 5946
8584 8828
473 599
4425 942
5945 6464
6739 9918
7938 9251
4091 6376
834 6783
8735 1337
5442 743
4974 4705
1750 9166
5453 8387
6465 7551
3087 4824
7013 4221
8858 9720
2127 3635
350 7158
3060 7646
9257 6309
9802 7307
8793 3164
7646 4033
3222 9156
2350 2196
3094 8434
9738 998
6063 1041
7659 1999
8376 5004
7779 1496
2891 3638
9757 4441
3728 6228
150 965
708 8285
5644 7006
2580 332
3855 8045
2208 7039
7997 6733
7026 6607
9553 5765
9167 8741
1025 5423
2549 8091
5420 7772
4769 1109
974 6435
6725 2260
5214 6904
5159 8430
8151 9788
9372 241
7294 6129
2779 7973
4712 7581
3789 536
4838 4626
2626 3118
1605 6781
1836 7501
938 9237
9103 4089
3923 6966
4674 2242
408 1536
4009 1741
2612 8893
7104 8095
3064 6217
6393 9761
7712 9115
5033 1356
3547 9529
405 115
5296 5318
2148 1074
9484 3091
5561 5949
2623 5518
719 6965
3914 9721
6623 4343
379 8066
4323 1621
4743 9285
9006 4106
8860 1027
2727 1991
3957 8076
5516 1439
5914 3928
3247 1340
4624 1275
4442 1424
3324 2024
6261 8767
1566 3207
435 2169
2863 939
8164 2761
3133 1833
799 3422
1750 8865
8829 3073
5069 8804
9079 8649
9559 9945
2304 5071
4800 5025
3249 1617
6185 5578
6849 5274
8089 1965
6376 2276
9643 9186
7876 1474
9090 3012
7454 4176
9292 8911
45 3622
5692 4868
2507 2681
4442 8250
4067 9608
9786 5878
3674 5909
6295 8523
4953 3607
6724 2411
3279 5814
6203 2236
1950 3019
5587 3371
4019 6885
9794 4599
8253 6706
1906 2647
9193 798
2076 3359
301 5221
2942 5145
1161 7471
1176 1860
7982 8749
6422 4371
9536 7395
1354 9404
9166 5101
4298 1962
5074 1936
2125 1708
2606 5901
6467 2581
6737 5049
3905 7868
9543 4983
3868 8407
3433 1572
1596 7344
7235 7569
9815 7906
9435 5123
3377 7101
5650 60
3240 5021
7667 4142
9807 7429
3231 5687
9742 5489
5250 7116
9851 8031
8709 5058
3142 5112
9941 4325
6898 184
5127 5079
2672 1115
7002 3265
7720 2143
3806 9969
3989 5247
6738 6252
9959 9299
7581 3649
5462 6190
7407 5152
9854 8116
3770 3199
7927 855
4364 4662
5627 3676
2971 8291
2034 7274
724 3305
4032 8738
1986 7272
2348 3354
8618 8263
4472 6295
708 2019
892 7141
2978 1762
3639 5712
2529 7812
4125 1887
305 5174
7454 868
4188 4674
8144 941
2131 488
1161 6963
7317 1410
1819 4419
5885 7395
7238 8265
8513 6896
650 7033
5849 2553
1162 7719
577 6251
8891 1490
3938 479
1860 8520
8236 7936
3074 139
2947 2347
1457 2841
590 2327
4831 2802
3386 6303
9788 811
5072 1249
5630 2506
2275 7403
2205 6089
9174 3836
497 7470
753 7223
9534 2354
3154 9545
8270 9459
1667 8965
1447 1641
6675 650
1380 2230
3941 5030
410 8314
4485 4073
9445 7705
4419 839
4329 1062
9382 6470
7165 5159
1647 910
4348 5857
8987 5466
5116 5858
9158 2069
4598 5484
7454 6235
5326 9096
4367 1414
3194 9426
7533 6770
9370 9749
5348 6267
20 569
8941 7290
1067 8354
3440 9977
150 5752
2063 5051
9180 4931
8536 451
8205 4444
6994 1162
8375 2860
4273 4932
5964 7969
6849 6944
4105 7852
8002 3591
9342 142
7679 9034
2685 1251
3680 1046
6594 9048
4893 612
3826 8022
2103 5012
2371 864
4955 2631
3794 9642
7786 3670
9880 4718
7458 299
1223 3025
1190 5726
7738 7959
3925 7769
6011 5534
7799 7773
6311 3360
3223 7900
4043 6323
9486 4924
1718 6159
3714 8985
1367 3014
5972 7571
9636 8520
2205 2573
2170 5913
4390 4625
2 6467
278 4442
4055 9105
8599 4437
2222 1131
3619 6992
8757 4119
2853 2415
2427 1787
2016 9119
553 4553
8533 7945
1262 1686
4236 8085
3657 4387
5046 8469
8703 8886
6704 7334
6801 7932
4568 8101
1149 4244
5490 9713
8661 886
9999 4835
5846 193
2463 4261
5984 2569
1251 7709
5910 1616
499 6773
6679 8952
7886 4628
7423 940
4803 5472
7298 9793
8185 5103
4325 4606
3347 8119
6521 2138
4957 3577
562 591
4055 6642
1147 8810
8512 2690
4588 3529
2401 7389
3102 3629
4612 8634
2647 4670
797 3997
9618 1094
5102 1588
204 7641
4676 7424
1932 3527
2050 210
222 4407
7376 4816
211 1573
2366 4825
9588 8380
7921 9481
7617 7779
8423 9798
5843 8224
2082 580
1066 5927
971 7654
1444 1018
2886 3802
6482 4219
2364 1179
4452 4996
8829 514
8982 6072
9212 1839
6646 6638
3578 1025
539 6376
8181 5958
5922 3846
1613 4765
281 3305
5172 7786
6765 6629
5659 2190
6187 8297
5560 5090
3368 7573
6501 2636
681 6240
1169 3793
258 4359
4205 5110
8857 8177
3471 9559
9792 9769
1195 3175
5640 9255
3803 802
6265 4806
8574 9335
1068 3450
7334 1110
4529 5262
4370 5027
9464 9459
4683 5741
7351 7985
1864 3075
9713 3938
2313 6133
5669 7750
3337 370
599 6499
2258 6010
9822 2447
2607 4250
9968 9406
4974 8296
8058 3263
6597 1061
5961 2436
1032 2757
6059 4666
781 2627
7869 9092
8491 643
2312 4562
6866 5412
9255 2097
8841 178
3321 279
8921 1587
3161 544
5720 2100
411 7742
2078 3324
8232 2398
2758 4344
6673 3014
2875 2627
9353 2930
4593 6351
6062 615
3777 681
72 4151
1442 5371
2240 9480
516 7108
4537 9283
6169 6604
7675 1353
9481 614
9038 2888
9989 7813
8648 2281
308 9485
1710 6935
7921 8695
3547 5378
7224 597
8236 1516
8440 284
8506 1873
4504 209
2266 5891
3730 9304
1778 1859
7457 4177
2400 4390
6276 8574
3757 753
5872 1410
9179 2149
7418 1909
7915 124
9422 9178
6016 7868
4841 667
9580 2052
2940 5683
1679 6673
1373 6289
4478 2636
2940 8293
8697 9405
5019 3528
8139 5269
8929 5926
649 8521
4786 1599
5786 854
2757 1556
2771 708
3666 7458
3777 769
2949 4098
1769 9599
2424 207
4089 4267
8415 2536
9312 316
1548 5084
9125 4431
4661 1259
9336 4471
5720 3419
5754 9285
278 8455
6866 9678
7352 2758
4129 6535
5374 5068
8101 4976
3690 3229
8069 7045
1771 1034
9482 4668
8051 7273
3307 7428
1356 5009
4252 5683
8831 4309
2974 4664
705 3919
3799 7627
4988 4374
2426 1434
6276 4935
8900 6041
7440 2914
5765 9458
3541 4439
9246 2342
189 6513
4803 5140
4100 9213
5569 6296
6245 1476
7185 8429
7628 594
4290 3681
7912 215
3612 3315
9710 5710
516 3013
8447 4865
4864 1469
4718 4778
2330 2831
2126 1735
4600 6644
1926 7173
7601 6341
1457 1839
4936 4843
5611 9903
4842 1270
8099 1343
7111 6771
4483 5457
4745 8971
4340 4389
133 7886
2662 2078
1142 4290
9310 2437
1722 9000
4696 3831
1456 5090
8016 5050
2471 8198
353 2471
6311 7334
6139 168
9874 8254
8076 3508
2407 5405
9440 110
7801 7014
1874 9447
902 1135
6551 5750
7681 5146
9717 7368
5538 8571
8161 3373
7631 8322
3062 7436
4800 1156
3102 2286
7268 2760
7781 9648
4202 1214
8544 5697
3874 604
3681 9675
6457 8883
4793 7814
7782 5058
4115 606
1971 3508
9624 554
2933 168
6706 2275
4097 8257
2304 458
3769 6243
2575 1429
5392 6950
7072 1964
2288 80
218 8500
4822 2071
2942 538
8336 705
6403 2721
3193 1125
6946 949
8042 535
6873 7473
2143 8456
4623 7269
4409 2068
6770 5266
6293 1305
853 7998
8023 8886
9180 5624
5834 4665
6358 7212
6194 8477
8957 6879
8092 4496
1237 3524
9742 9285
9920 6473
9526 9724
3622 3506
315 2511
4089 4972
6577 397
6845 1133
9686 4049
1916 2753
185 9044
3193 1644
5195 1657
4845 322
7920 6697
1931 4091
3454 5456
9597 446
1925 6394
9848 2670
5431 2523
3102 9895
3440 7628
580 4630
2946 7546
1572 6644
1477 3853
433 7774
7767 6821
3627 9389
703 3647
1149 2654
4847 5445
4792 5564
5140 7187
2224 1496
4103 3621
6704 7721
4392 5444
7740 5394
2549 8723
3108 5127
2291 2774
7885 6930
1991 1252
8203 3014
6750 1443
3462 3636
7468 8780
3147 1441
2398 4784
6127 5769
5779 5126
4947 5799
9021 1731
134 3146
9134 5084
5892 3779
5057 248
6997 680
6219 9409
3281 2300
9864 4833
2467 5213
5724 3917
5217 4248
9351 8051
6858 7231
5368 2347
3752 5085
1065 2551
127 6748
5513 1022
6070 4177
3160 6846
5436 5233
8127 1571
5912 1184
7024 6487
3922 3867
4235 774
7970 2369
7021 9903
3875 3788
2387 6930
5606 3903
6245 5369
4203 3014
7827 1221
7697 2181
6693 2795
5856 3682
2458 2558
288 9753
4574 6741
4484 4512
8509 438
9970 9435
1797 5341
5883 3798
617 1571
3923 4836
2966 2620
6913 5252
6267 2541
8766 1657
550 3796
4167 5715
2870 5302
6034 8743
8260 2333
9748 34
746 4726
3725 6336
1105 7250
4424 6344
2978 6292
2182 3382
6174 4343
9252 2520
3510 1820
1335 6410
9388 809
234 2947
6804 3686
1751 2187
1712 2942
1839 3000
5070 5669
5511 3456
7377 5045
6969 1020
6757 5634
7587 3174
5262 7945
4615 9231
4739 7868
7247 5503
985 1522
2837 9383
6437 7995
7909 9099
5971 4815
6305 6616
5441 1555
7436 7456
7335 7702
1445 3416
4772 5230
8063 1493
8499 4303
6181 169
1784 2933
5336 425
7628 9654
2942 3708
2614 4347
9815 6239
9011 8365
8679 8153
8550 4864
2860 2629
5603 8001
5528 6170
4465 6380
9087 8711
448 2558
6743 1365
5310 8158
15 1401
6952 1111
5937 5518
6006 2199
3291 1406
6901 7196
4131 7738
4407 7749
8872 8359
1170 4479
4518 2222
8303 1038
6577 9068
6638 728
4314 9818
169 8627
7390 6011
7110 5225
1520 3682
2884 6093
8177 4835
1096 4299
1686 6882
673 9802
8364 3107
5473 1962
1048 7546
768 8570
7607 3691
1860 3486
8368 686
7271 631
4990 4603
4657 7711
7563 8846
4211 4743
147 1210
1878 2287
2869 4360
2774 6994
1105 5862
7271 4968
3129 7500
2989 6469
6205 6478
1614 6010
2632 9836
6335 9259
8935 7044
478 5376
5868 8639
6457 2538
4950 4423
811 515
6334 4682
5060 2388
9658 6347
1552 5282
3446 7311
7453 4187
2138 8275
890 8740
724 3801
2402 2032
4376 8191
5058 7931
6420 1340
3103 6794
3658 4784
8630 7382
8782 555
2572 8022
1830 5482
5453 3227
4714 6134
9727 5472
2339 8035
1862 8741
337 5952
2710 9140
3615 8592
3171 7346
8355 2191
7537 4546
2566 5066
4464 6170
3328 6082
2889 6931
8771 4755
3951 9416
8090 3231
8546 6096
2064 1549
6841 7646
9471 6111
1203 3160
4799 8616
952 7407
6515 5476
30 4257
5094 5425
9574 5495
1834 2084
3423 4276
5337 7031
6042 9512
9057 3826
2324 1938
4505 7104
5703 3556
6358 8141
1949 9906
9102 3460
1386 2592
2974 6948
2196 1330
529 6279
9640 1737
5704 2482
4415 357
3221 3937
6266 775
2580 7555
2926 7115
6402 5392
4420 9077
2234 386
2609 465
5362 3840
1594 6612
8769 8332
7983 2061
6255 2879
294 4214
6684 4130
5428 732
530 9058
9335 1809
9689 7166
243 775
9854 8047
5739 3560
9055 2691
4826 9013
4602 7288
2668 1688
6281 2985
5493 5521
5453 5067
5315 7810
7703 3823
6607 1168
1920 9037
3208 9267
6934 5092
4878 3096
9610 3465
8941 4460
4304 666
3929 7420
7355 5923
6826 4797
6618 9377
6228 1698
7003 1759
8550 8103
3245 9191
5938 6154
1702 3243
4549 5751
7088 8637
6349 8564
6989 532
6287 5153
2903 1689
865 2417
4484 7201
4013 6021
1478 804
9533 37
9437 5919
8511 5951
3976 8965
7204 2862
3169 238
9902 4171
9468 8866
4297 7949
4742 4350
4376 4792
1226 9738
7132 7497
5860 1324
2771 9221
3110 6409
7960 5085
8103 6813
8500 2067
9898 3989
603 4495
4092 9854
6422 1682
2446 8841
8769 7315
6489 5412
981 5719
6126 2975
7055 9994
1174 9183
7383 7483
3995 8959
1489 8684
3613 4911
3575 4714
6594 4290
9258 7979
4532 661
6910 2018
3210 2808
5142 5100
7497 8910
7647 5062
3528 9281
9211 1501
4059 4492
948 1855
1611 6652
4419 9379
5007 6941
1660 9608
6804 1745
4694 5335
6953 4010
3380 6054
1229 9639
4315 7682
2529 938
2455 8296
1168 8221
1801 2718
9964 8702
1703 1322
1861 3958
8076 1832
1296 6250
6508 2385
8886 4422
6882 9691
4247 6109
4896 7096
7360 9616
2228 2843
2316 3850
2308 4813
129 2609
4866 1476
3088 6229
8099 3851
316 5449
8644 106
928 3829
38 9662
9206 4598
863 503
814 2826
4187 4046
8181 6378
9492 2094
4085 6418
4379 4674
5543 4979
7043 1332
3125 6480
5129 9751
760 7385
9202 1236
9996 3676
6850 3583
2477 4558
7107 9055
5758 375
5203 3652
8909 3378
6631 2090
7677 5064
3786 4214
7885 2247
7925 7925
9462 2020
3427 8495
2991 5672
9347 2379
8681 9154
4369 1310
7566 2830
5169 1402
5520 2768
3679 6196
3643 7361
5089 5544
2964 1512
896 5534
5205 9826
9510 6864
6616 251
3274 6835
6184 9844
3072 9231
1006 9404
2336 4157
4848 7638
3839 7045
2476 2812
3151 8211
232 8816
1433 6757
2574 4879
8636 8890
5154 3779
3234 3766
8608 3
6250 1101
6521 9016
740 8821
1579 3624
6683 2551
9686 3422
1578 5295
5293 7208
8071 3008
5869 9169
1102 9300
4113 5758
1041 7607
9333 9026
4435 3345
991 8141
7461 8226
3736 2371
2246 4522
7286 2127
580 6311
3333 301
6517 1476
9880 8879
7269 8482
8911 9510
1847 1625
5788 2613
7661 4299
9607 1562
2824 2924
5341 5761
2638 5398
7354 3661
38 5491
6117 1180
1432 658
8435 758
4288 7677
3850 233
9644 4762
2833 4836
698 2662
5814 3390
1424 753
4983 4345
5433 8687
6711 4852
1505 956
7717 8966
940 7347
9805 3911
8430 9540
7706 4567
3433 9120
1050 9528
8413 3448
8081 3480
3535 4170
8920 9992
548 8913
4575 5596
3057 5109
6263 7922
8792 205
87 9033
2228 9729
1439 1402
3026 350
192 6689
4643 7236
3717 4499
4696 28
4783 5922
5084 6680
2656 1089
4727 6819
3923 6415
6751 7156
5114 9211
3784 1824
6799 5782
2928 4227
3193 9180
2524 478
1744 5525
67 6359
6338 2887
2881 3313
6465 6229
3808 9798
1725 3890
8139 7389
5469 4972
5496 6892
4726 1592
7438 1311
9910 2505
8773 9276
8735 8409
9510 3543
5717 7306
3050 78
4358 9836
4254 6781
700 8670
6900 516
8660 9082
7385 8989
2268 9417
6269 6648
4 4675
8091 9241
500 1391
9879 6231
1441 1345
1878 638
6685 9998
5719 4261
9209 8905
4635 2749
3469 4503
7177 1122
652 9399
2613 3074
2229 2912
135 2101
7167 4121
269 8486
16 6529
4595 451
4520 9800
6667 7287
4181 3725
643 62
5417 1274
7933 9598
3714 777
6238 1996
7034 1307
320 5596
8307 7145
7232 631
2644 3751
39 679
770 9979
1556 9252
4843 3658
3074 975
3792 9308
6189 851
3315 4609
4241 8020
8009 6221
2185 7072
6120 3881
2481 8680
6347 9177
6040 3509
7448 8556
4953 4638
7048 2213
9495 3695
6332 6011
1933 9952
4013 1079
9188 6080
6330 7982
5070 5049
5478 2457
6980 7950
3478 9816
7811 8464
4703 1857
8638 5510
4042 3444
4546 2601
9688 6917
2869 6598
8946 6563
6074 7483
98 3190
3822 497
6435 8458
8334 6341
2847 9769
3123 987
2714 2586
1916 50
450 2081
1913 6919
6184 2763
1348 5144
1597 6702
4962 9048
2425 6335
9703 2611
7396 2626
6862 9605
7510 1470
5627 7783
1861 7833
9019 4001
2238 9614
6065 7604
3437 4002
4608 3258
2201 7947
2057 8590
538 2153
2936 3608
4879 4429
8571 7642
6898 6181
9643 4463
2315 7122
767 6054
8706 3972
4375 8416
1967 2817
5689 1660
4011 5236
865 7015
1027 2690
2392 3237
8231 6918
5082 6756
5482 5001
8507 452
6002 4957
5173 4843
8362 4973
6028 5941
5094 104
7530 7118
3229 3277
6755 2055
5347 3636
5319 4637
9296 2950
7 3979
9963 4291
6891 1591
6304 3876
8518 2017
8951 9112
5827 6283
9420 8431
3646 3902
746 8193
970 7348
833 7258
1852 8376
7761 4465
1797 8478
7696 626
4178 4140
3168 1045
9899 8598
4123 8010
3439 5247
182 8388
4836 7672
419 2555
704 5346
9971 8347
2778 9139
2561 8008
1894 8512
3429 1795
6679 8545
1209 8541
9540 9069
7175 3892
1991 3682
4215 86
313 9864
2292 8137
5001 5860
6516 3728
5910 2027
6151 4674
8409 3029
5108 6543
7771 20
8174 7220
5448 9651
1571 2868
4500 5879
8192 5093
9570 3475
4479 4325
130 3744
7258 5826
9680 3756
8766 1512
3357 1475
10 5936
6111 9056
9376 4318
4499 7078
9799 8224
7753 2915
5376 253
7025 8060
9840 4044
9987 4336
9899 8273
9284 5607
5370 3343
256 4614
7364 2281
5521 7456
5396 6149
5426 7450
5369 5191
3195 5167
7569 9473
9313 5392
2701 4358
7353 8372
4324 6302
2153 8653
9342 3985
5062 6970
9471 7596
7211 879
8340 5654
7674 6527
6589 8940
4230 1177
1372 459
1998 5758
5502 4153
8168 3015
3062 8024
4589 4165
851 6501
9612 8041
3271 681
4834 3051
6570 1898
5266 8995
8804 911
680 9844
4369 2710
2590 4623
9401 693
4799 562
2580 5326
1196 7222
2232 7876
3874 9920
2010 522
1136 7069
8568 9897
5086 1358
8761 9212
4652 7894
4905 5863
4876 6933
7541 1021
8747 3334
7075 5573
5220 2269
3333 4361
828 6612
3509 9198
4891 48
4633 2815
4098 4426
7802 9208
7110 6693
5256 4772
9447 2470
6619 8439
1935 7048
2473 2587
2739 8653
478 8529
9495 771
8257 701
1754 8516
7781 8338
678 6483
7181 2965
370 1931
8008 8191
6681 602
1449 6701
3725 147
3690 8171
5981 8302
9893 216
557 1142
9572 6666
9690 9508
28 2143
2547 2696
60 6691
8295 5981
1336 9445
8560 9165
7638 6717
5288 3079
669 6586
5317 3210
4101 7111
3071 7312
3552 9558
9262 7932
5857 8006
6405 9609
1499 4046
9077 7220
5660 3726
9162 2356
9299 9354
4642 7459
6217 8080
7281 5304
9370 7619
3570 7779
636 1272
9814 7847
5643 3492
3590 707
3261 5945
2817 5433
5838 4582
6240 1636
5647 4271
5866 3086
485 903
8563 3979
3597 4926
5928 6312
6592 8954
2596 6159
2062 7704
4363 1901
6935 6512
2727 2245
6805 5317
821 2555
1030 454
1820 4496
4573 6876
888 3501
8839 7057
1374 8056
2802 5325
9797 8101
6469 3373
528 3528
6081 3555
9051 7027
1242 9742
141 3415
2636 6791
2705 789
3075 777
8470 3286
2483 9462
1241 6547
7832 2315
5275 3147
1264 5467
8102 3845
8443 4427
336 1591
7250 5355
9245 1707
2266 3612
9680 3129
1156 2640
9983 9957
6202 8622
3744 2116
8870 4844
9172 4678
2219 1423
6665 1449
380 1496
7351 3022
5271 395
6279 9979
2072 8711
9149 535
4211 6326
9120 4517
5121 4072
5546 3266
2264 7183
104 5833
8157 2964
1954 2295
6879 2448
9771 9762
5266 684
3054 639
9657 6933
4376 9095
2037 1651
1049 648
9224 5525
1876 2011
2670 1384
9245 356
6631 8782
4431 7631
4381 9411
1487 9071
1344 6221
6303 9334
1444 217
3588 291
8927 2978
5747 9913
2886 2959
6814 8687
4355 7019
4460 2188
7155 7621
4893 1797
9150 8467
7575 5703
9397 8701
7745 4694
892 7610
3714 6100
6842 2602
7917 343
1294 418
4530 3973
5888 8494
1333 5000
7796 77
6436 6327
6262 3891
6833 1259
6597 3187
3825 6841
5047 8341
767 6371
9366 6054
5909 4660
9274 3873
6090 6833
3444 1257
5713 6567
2272 2533
2755 8154
1598 3914
3159 2720
3372 3757
2845 5929
1719 7837
604 9268
5570 8210
6815 1809
9685 7565
1781 9769
8413 4252
797 4220
6022 6993
2311 2060
6306 4296
4038 2669
964 9735
3720 239
7914 4184
4133 4185
4887 3239
8535 8983
1695 9704
8524 2978
2575 363
349 8147
674 5589
8468 6004
2421 7582
6617 9857
4554 1480
9043 3987
9146 3647
2133 6904
8367 582
3986 9251
3343 6578
3692 5635
3965 2533
132 6806
4351 1728
3228 2335
3762 9117
8375 2357
6272 6001
5887 7203
496 7538
1719 8829
3323 9502
7521 9680
5090 7014
7261 4664
7685 2614
1800 8213
7690 9701
2683 7658
9605 3445
8555 3870
8639 2492
4561 4981
259 6730
6911 2973
1798 1072
1291 4369
3904 8448
915 6502
3368 8709
2902 9076
1282 2565
4524 6272
7680 175
1697 7455
770 4931
9413 1686
9962 7879
6972 2867
4493 3743
2434 6940
7299 8734
2718 2969
66 8407
9455 5334
8194 152
8865 4028
3230 4932
1880 7378
3324 8278
3509 237
1573 7290
201 9505
1344 6912
8612 3894
2748 7741
1518 5950
7688 4681
8459 4193
9588 9939
7512 2203
5435 761
1767 9770
3232 3020
6651 36
5555 2595
3026 4574
5569 2270
8626 4161
8546 9808
6830 7170
8754 5975
9333 9284
9659 7201
6588 5671
3128 531
6369 1409
3259 7400
9986 5183
3430 4885
6217 5500
817 5027
7443 5795
2720 3251
9920 4032
6711 3696
4849 7889
5289 5141
7766 1697
527 2765
5262 933
2567 7069
6023 3100
2310 8323
99 3771
8890 3898
4524 7855
5122 1053
9379 3458
1935 5302
912 7268
9632 5625
3259 7620
5432 898
6883 9434
4296 4561
6648 4421
260 322
4718 8434
3246 7931
4126 1922
5765 9072
667 8833
1150 4016
1010 3420
9234 8144
3926 1533
6282 5066
4913 9886
2005 7569
7637 7521
2071 993
8909 6004
8093 7378
6641 5682
3786 1298
5387 7651
9588 8605
6991 8532
7984 5993
1192 6763
1627 5157
76 3376
875 717
2034 9933
4080 203
5149 4400
7562 6194
7319 3866
9915 7433
8578 6785
2280 4350
1287 2486
2133 1991
3806 10
2633 5150
676 7403
4961 1596
7112 5712
4730 4190
4315 8043
9438 8313
7586 1712
2033 5045
3541 4470
4832 4158
34 2183
4007 395
3338 9327
3717 8241
6868 6406
4170 9685
3794 8947
604 7219
4396 7846
4169 1771
7416 2887
6956 2982
4748 2196
9547 4776
6421 2368
1579 5939
8724 9242
1978 6674
288 8365
2242 5949
8478 4528
9692 6386
2104 5310
8030 559
7915 3861
3421 7015
4639 1594
971 4184
7855 3761
4083 8110
9525 7767
711 829
6782 9863
3705 1251
8921 887
9587 7986
2412 4478
5442 6565
6324 7856
7565 2964
4023 6019
7587 83
9749 5780
3375 3378
8701 5063
6550 6409
9602 8937
5714 102
6166 2138
4786 9343
2539 6323
6452 9138
3159 8918
1713 5865
5963 7932
7815 9319
8341 9495
1394 1735
6283 7741
8360 972
4023 9324
6532 5722
7547 5138
5466 6378
6806 4203
2865 9098
6689 4774
8077 2827
1585 1764
9588 3849
8423 6917
4848 5336
2983 6602
4069 3757
980 9283
1651 894
2968 1595
2155 6594
282 9991
6567 6618
2531 2840
8349 2484
1652 8738
4852 4704
707 3518
1773 7184
5009 9243
7591 4470
9730 753
2331 3953
3504 7363
2142 7111
2191 4110
8497 9603
1964 763
1045 9791
914 6971
4518 572
5445 1888
2021 1080
9916 9209
1498 1715
1997 9905
7922 6679
9468 1248
1969 1687
1646 7396
9406 2104
211 3347
7240 1255
7875 3644
3709 2584
4517 7992
9140 2817
2210 1827
6198 3062
6966 6923
8256 9299
341 6352
3847 4876
9313 8666
4075 9565
8437 4514
6127 8306
2948 5967
8618 3046
4452 3898
1556 2836
5888 6620
6751 953
6581 8451
6247 9362
7454 3799
6306 3015
1274 5734
1308 5688
2291 6761
5868 8608
6369 7810
4862 3595
9028 4982
778 1246
244 6202
4895 6942
6403 4675
5064 1149
122 5444
5226 2354
5698 7256
681 9808
6137 7162
7978 7524
9217 5974
7763 9087
3318 8338
2386 4194
7306 5685
5317 3023
3552 5035
8751 9990
5049 4729
9657 2689
9830 240
4899 2553
69 9322
1489 1084
7281 8756
1436 4093
8001 9022
2828 8744
2441 1263
5288 125
8793 1303
4357 8504
5537 8406
982 2191
8298 3352
9394 6820
72 3988
6694 6935
1107 7427
6041 1023
4541 5727
5774 2814
5790 1477
7462 8619
3199 3256
5329 501
7034 2391
7442 8889
4305 266
5272 1261
2145 8307
978 1879
7895 619
5698 9459
5761 636
4296 7490
9448 9322
3112 7690
6316 5001
2115 5678
3651 805
6245 933
3571 5541
6847 612
8302 3702
366 7738
7776 2724
3603 5299
5936 9543
1437 1990
8037 9026
958 4781
8430 5158
5804 4860
7618 7102
853 348
4383 4945
7002 9419
8172 8202
319 5218
1609 198
3548 8207
7226 276
8436 6200
9178 9957
3795 4983
8355 393
1421 9959
668 8179
1791 1714
1658 4427
4027 6178
2624 4835
1953 6942
5405 9102
7772 8692
8943 8485
4612 4888
8405 9910
7376 9863
6682 3185
414 478
9108 9687
4253 9078
4135 4242
1759 4194
392 660
6233 922
8440 9999
4730 4065
7425 791
3711 3702
1152 7474
7012 5011
419 7423
4229 7647
6182 2023
8540 7949
5970 7867
4839 823
4485 1318
703 5965
5417 5305
9344 5917
5164 61
2303 1193
8335 7917
5839 5042
8824 9115
6549 8478
8476 5338
1557 1110
7006 51
254 8910
712 6752
6684 894
8000 9885
9230 1063
6892 7185
8907 4591
1428 4786
1142 7407
1768 1224
5602 3136
689 1704
5202 5804
4414 3735
8872 3757
4868 5764
1887 9453
8978 5286
4812 3871
3986 2566
6109 1863
5667 3286
354 3831
9710 5814
9171 6136
9388 2851
7763 1622
7203 4658
7245 1815
7999 6171
4671 6912
1557 2321
3619 974
8155 4635
5096 2793
1548 9381
3511 2842
1738 2328
6993 7085
2821 982
2287 923
5135 149
9338 5989
8899 9628
5821 3791
5638 7887
2093 374
1756 3095
6594 4537
8171 1129
2200 806
5980 199
7756 9176
9519 6224
9229 4709
6048 9975
4601 472
987 8423
808 2425
838 5858
4055 3209
2434 2896
2698 8477
9223 4832
9540 3433
5827 2436
9114 998
6026 4387
7931 67
3487 9651
1029 1084
4516 906
193 4464
5642 6264
7166 5689
3506 5427
5162 8449
9197 2555
4145 3166
2555 4368
427 8768
3114 8062
9078 9242
4475 9346
1628 5120
8040 8935
2949 4249
2127 2840
1944 4002
2318 2593
8344 7178
161 2557
4075 7434
8010 5003
2056 3852
873 7533
3041 8671
761 5992
3846 4427
6647 440
917 5099
2095 1564
215 3445
293 5887
5887 7306
3412 185
707 6757
2265 4345
6790 732
4286 6163
4534 5021
2552 7865
9000 2017
4108 9755
8537 2680
8421 6203
1047 32
1871 7078
3861 7126
5420 7132
2582 7354
8982 381
6040 1404
210 2126
1104 772
2887 9487
459 2362
6638 4833
8365 8579
5898 9893
3238 8023
7749 7157
5700 7223
9519 58
5731 1259
7872 1779
1262 2234
9713 3715
3436 1688
5335 7436
412 1146
3245 8481
326 8953
5767 6007
1179 9557
7565 5387
4387 950
2863 5730
8234 2719
1677 6327
2867 3360
9367 5347
9364 7251
7135 5887
6564 1459
8796 803
133 2469
7550 1073
239 9427
3077 439
426 6848
2363 5703
9647 3062
1619 5545
3424 855
1522 7202
5339 281
598 7083
3310 5804
2910 6311
9384 5759
4683 503
901 5948
8489 213
1218 172
2867 9859
7576 411
2243 3271
3117 5647
7009 2349
8921 7492
5195 7542
158 8255
1276 8959
5426 8875
4318 5839
9555 4670
8005 2917
246 9382
1914 8597
2189 8407
4752 5187
8307 4673
6196 645
3681 7981
9839 6691
2105 5914
9190 2475
1469 9423
5460 1715
6380 7350
2737 8365
2331 7096
183 9774
4154 7146
47 4179
8439 5192
7178 3598
5715 3707
2022 3893
6670 6119
1952 7631
1467 1674
3982 6953
5558 2951
7754 5011
2012 3945
4627 6778
7378 7118
8177 9587
1577 6917
7866 713
5259 3504
6155 7680
5539 8216
8300 1594
1656 2902
9546 2544
5720 4573
2652 5712
1932 6618
5770 9849
9487 9191
6541 5889
7875 4392
6793 5518
2440 7998
2041 8350
8692 7727
224 5311
1617 3644
7320 8410
6566 158
7368 986
1062 7792
8042 2260
2719 886
4164 4681
8168 6674
846 5583
1282 4164
3675 1324
7847 435
4314 3756
1040 818
8421 899
2565 5066
2839 9508
9320 5663
6266 1647
5597 709
1929 1529
6436 5996
5897 5027
4265 9511
1345 9751
7012 7175
3716 5981
1454 7978
4727 5616
8970 1196
5340 6889
2784 8314
3994 3087
1736 428
9408 4981
1050 325
5798 3745
1562 7944
9493 3883
9249 3543
4800 9372
6333 2358
1109 2385
2279 7127
2710 2614
8940 7102
7807 2275
2213 1085
6640 7033
6216 7789
9654 2161
6634 7626
3283 2575
1718 2242
9628 8629
1836 419
8744 4128
8041 2967
5040 4816
1982 4071
7358 6888
6255 4726
9400 228
9216 8270
7153 2942
2431 6939
9863 3738
4001 8200
4529 8563
3431 6157
8100 4467
5186 5205
3985 5146
320 7083
7236 8079
8540 3037
9342 8181
5922 9384
3283 5904
6876 1660
682 8260
6202 6577
9092 8954
1171 7009
7063 942
576 6718
3357 4579
7350 6792
383 7960
5458 2995
5751 7341
8042 49
7549 632
9641 681
7039 3401
2171 7464
8798 7324
4908 7003
2034 3667
6389 4698
8627 941
9248 791
7864 3917
8530 6890
9035 1021
4248 4565
9391 1901
1422 5344
3304 4655
4394 4284
1032 7677
2445 6531
7396 7266
1994 5179
8769 8861
5973 4629
8394 9198
5502 1826
1863 6618
2386 614
5620 8004
7242 3224
8508 191
5535 1182
9816 4953
1096 1412
6470 5577
184 5789
2594 3677
6113 3187
9690 2955
1135 6064
1923 673
1281 3255
2293 3033
6790 8201
8395 4030
7973 3709
8411 5462
5144 508
1778 4609
35 7993
5151 6665
111 466
2019 7199
6334 7439
3706 5124
1142 1211
4092 1698
9754 524
9134 4385
8407 1272
6614 783
4606 1515
5970 3582
3257 3859
4595 1369
6563 7033
5349 2086
4454 8431
4362 2678
7520 2441
2837 4619
6477 3110
1063 5935
2639 9399
8562 7314
6780 6242
1542 1567
8343 738
4083 6007
7899 7979
1562 2641
277 9574
3861 8146
638 196
2492 2685
1213 3205
8368 1057
2530 4149
2495 6740
7356 7625
1372 9730
4937 9112
9830 3636
2324 545
5465 6479
5793 4146
1761 1105
6537 7901
1359 593
2956 6313
2660 7300
9506 5593
1374 1963
2131 1258
8769 6557
3482 5222
4369 1378
704 5004
9129 9219
9254 6691
6298 1123
3809 317
6533 6847
7728 1036
104 9819
1784 5776
410 3847
8630 8321
571 2196
2238 850
4185 5411
6343 2976
2697 204
4026 6582
9463 1482
3077 8929
6704 6109
9890 3020
400 1013
2498 395
9062 5745
881 9953
3800 3149
9916 3069
9710 8171
9235 4059
7814 3891
555 5130
2676 8817
3585 462
1705 6170
9313 8094
5285 6565
3667 2878
8229 8557
7443 731
463 3749
7231 7247
2602 1088
7973 9740
3153 3056
4845 492
2303 7177
8384 4069
8493 8579
4036 4867
7002 1539
7689 4784
1475 7068
5501 5534
4517 460
9607 3611
2382 8411
8257 9932
5412 6814
4077 7890
8662 6575
3807 1315
4558 2724
446 5430
2327 3608
5264 217
6845 3211
1806 526
1152 2822
5343 8794
1460 3512
482 7288
192 4912
7977 2131
2833 1554
4703 4630
777 1025
5028 1160
4390 7054
7494 8937
8562 5521
5224 6115
2807 1263
6602 1037
4847 5203
9840 8860
8832 9955
403 3659
4280 7466
3590 3289
5980 4025
4050 6385
7478 5780
5911 7479
5814 4848
1051 4341
2524 3581
5525 1064
9567 5594
3435 1656
1469 8221
253 9299
5523 6901
840 7265
7505 6206
1467 9081
6804 5517
6134 6876
9312 8658
9576 6465
8110 2740
213 1601
5537 483
8560 5578
2184 8914
7700 8790
6078 9880
8017 9339
2934 53
6305 5867
742 6589
335 2973
874 8294
4771 4337
5018 4749
407 623
8833 8335
6568 1748
3223 5779
475 3495
9685 4103
3949 6774
5249 1371
9298 3925
779 5006
1304 7252
9225 2289
5841 6982
9702 8634
3081 7293
7136 4686
2149 5950
2796 311
5714 4756
1969 5570
4828 2126
1199 6600
8357 7179
225 3063
1014 3575
8375 6912
5871 9392
3611 2969
9987 5931
8517 1987
7562 808
1111 5540
739 5609
656 9390
4944 705
6166 8540
2929 6201
5469 6176
2863 5040
8578 8605
2892 8141
7025 4051
5630 384
3796 2668
8015 5213
2069 9800
1593 2320
1325 3284
4110 827
8208 8685
4153 8210
274 3865
9298 2279
1511 9500
9281 5857
8189 8887
961 9128
1270 1159
7446 7284
2797 9380
1262 9016
7 5561
6307 4658
1530 36
3485 4873
6365 1203
9005 4360
6847 2407
7642 7330
6743 3951
5633 1982
4874 2192
3619 2650
7629 8990
3877 8894
6904 93
3515 9079
6239 3475
9021 9830
4816 14
6314 8862
9374 3773
4473 8974
7253 4170
2840 2969
4395 4987
8752 5692
6702 5105
3851 1736
6338 6559
7612 1340
9094 3156
899 3544
5530 2154
2881 4308
1510 6828
748 2907
6682 4870
8466 2648
607 4010
1811 8616
8197 4033
7680 6973
5978 6785
8180 9384
3901 1385
402 8083
7250 4167
8218 2
2478 5211
1569 6443
3960 3191
4670 3307
9747 1191
2143 3996
3279 2914
8314 6297
144 6276
5985 7624
4144 3778
5408 6575
7879 3224
2548 8119
6366 4192
2779 4059
2898 7450
9917 8177
3973 4832
8595 4269
4872 790
6813 1455
2903 7057
7183 5841
7379 7849
7809 406
9676 2700
6408 1844
5516 4641
873 8923
9180 2701
2317 7421
9495 3651
2929 9708
9269 7794
4127 8
2213 9342
3047 6209
4239 1462
7827 7423
9351 9040
9575 2049
221 2364
5242 6640
7355 2692
6926 5845
5526 5085
8578 9793
3549 8708
7881 4077
4417 3807
9404 3822
5776 2699
8648 7101
8987 9686
9304 2762
2779 6026
5791 905
188 1899
8485 7592
1451 8453
8194 8513
6551 4207
7995 7394
8415 7884
1844 8242
9976 4981
5560 1907
3713 5773
321 3044
2503 1221
5557 3311
2914 9552
4934 1484
3852 7255
1699 3647
2714 8766
8925 3913
6407 4070
3094 2169
9988 8709
3343 3535
5166 7111
6073 5289
6763 115
1569 5075
4438 8866
7527 8213
3592 7182
4604 7359
8354 1589
6895 2225
1424 9757
1205 7885
9556 3721
2830 5501
3620 9918
9209 2562
6246 6717
7505 4639
2614 1625
6615 5908
5936 3017
7022 341
3681 6737
4839 2763
9822 2158
7252 1455
8870 7334
5895 8373
51 5237
8400 944
4067 6097
6854 4416
3353 3702
3703 5339
9800 9958
828 9939
9511 1681
233 556
5702 4904
793 3777
3273 5358
8436 9866
6685 1835
237 6596
7737 8948
6308 807
7553 8568
6279 9441
1932 6733
2705 3951
1174 7093
1654 6037
5709 3478
1295 3678
6829 6467
9621 9918
2097 5487
7134 2984
1963 3619
3779 6728
8260 1393
6371 1576
1480 1926
6502 4099
9212 7887
8036 1714
3063 6526
3143 5919
9966 6457
2606 2301
170 139
6123 6059
8871 6191
7193 4989
2887 7434
4294 6916
1731 3401
6695 7156
6145 3388
2984 1011
4266 7981
9228 5671
9680 6157
855 8122
9296 8960
726 6062
5410 7956
3322 7396
9516 904
6757 8618
8320 2213
1525 9834
3782 4448
4043 1010
7621 2655
7091 3764
5147 8511
2155 2653
3526 8397
962 7186
4920 168
2856 3215
9227 1877
8023 5472
3116 5831
3830 7371
1832 7707
1255 4198
5254 4755
45 7608
8557 6015
5025 8790
8730 411
3365 7765
3475 9197
5867 7167
5404 8215
2086 72
6962 4705
9758 7732
6791 3810
9409 5491
731 83
8370 5496
3753 6304
7060 4796
7811 2388
9747 8937
8734 2037
5343 5922
2587 5251
6271 369
4561 607
2781 4800
9610 3404
5112 8128
3000 5550
6386 1880
3905 3707
4666 5420
739 4648
4923 8890
4308 1482
3959 7540
63 7950
5909 5705
9199 5415
6999 1472
5333 7524
2506 73
1519 2511
3985 9929
7357 1554
7836 2182
652 9710
6862 1882
4650 5884
1588 1599
6856 9678
411 6021
4024 2868
9286 5150
9878 217
4192 8037
3863 983
8707 4342
3785 9887
2041 5219
48 728
5198 1371
9444 3902
9305 5689
2685 8583
351 3847
2907 3200
4936 5241
4752 8713
48 7958
5489 9881
9117 5456
3733 3987
4573 5662
1228 4397
1565 6452
3434 5962
3040 8459
368 4995
4661 9824
9356 8298
5489 4021
8487 6249
914 4031
8490 4499
7741 3187
5853 1361
1444 7243
1833 9022
8329 5315
8942 7675
7267 1760
4542 7717
9997 4590
2086 7521
9167 5095
5142 6286
1951 6600
2394 4706
8930 262
8963 915
3653 1147
7610 4455
7685 1478
5806 3249
877 2352
6930 9575
1168 3565
4438 673
4995 898
6797 7785
2123 4718
8422 7626
4386 4314
8581 4179
2391 8634
8035 3932
18 9407
623 6465
6300 394
3603 3018
6861 5444
9641 6610
8501 3454
6498 3126
4984 9507
4988 5699
9183 8337
5705 9599
7183 5026
1558 8144
9878 8135
6294 4551
1057 2912
9086 8789
7883 4185
1243 1072
3616 3432
3185 5013
5720 3318
9704 8223
7661 4894
5256 2890
5107 8003
7615 5807
5325 1493
1937 7406
9942 923
2362 1115
6829 7583
8111 8571
2458 4046
8753 2830
3899 9500
2052 9986
574 8611
577 4723
835 6962
7035 5310
1676 8823
2174 4661
6926 341
270 2939
2502 5465
8802 1124
6111 3679
7065 1616
1296 4999
2474 8142
2431 6709
2462 7170
8143 7491
4176 8338
3756 8026
2342 9718
5087 3147
3598 9190
8357 1598
949 2263
6159 586
7734 649
2897 1337
1375 5306
4405 5885
817 9239
6286 1313
534 4291
5056 651
3532 5654
3265 9429
3987 9010
4509 2517
7023 8314
5574 2212
535 6368
1810 2470
3663 9843
2727 1375
7928 3691
9497 6609
3667 1417
1486 4982
4858 8656
3368 8053
8130 7307
6019 3958
5941 2073
8804 7688
2771 2013
5006 3074
7797 668
793 4525
167 9204
6276 3321
1851 2538
8375 4836
678 3704
8699 6086
2717 4865
2658 9630
7846 6608
1822 2600
6631 3278
5599 3330
6816 6565
2712 693
8198 1658
703 1695
3282 393
9334 5422
4784 5740
7369 3613
8875 1915
512 8469
9232 1223
599 247
5379 6736
3350 4135
1701 9516
6616 5498
6076 859
2654 7441
2010 3070
5863 712
7666 7706
4763 5582
9517 8913
9900 6798
3162 7368
7621 554
4337 4306
79 3719
2924 6924
1047 500
3201 920
3921 3557
8738 9996
6395 2326
3597 3689
8018 3053
5879 8228
6822 4163
80 3509
2246 947
931 7698
9667 5783
3863 9667
650 4178
5300 9266
4548 3298
9213 1376
8451 6579
1445 7138
6276 3301
9257 1443
3978 5154
9430 157
9121 8592
3338 7882
4598 1642
1020 2735
8435 5866
4707 6470
9813 4845
4159 4988
7857 1338
7888 7585
5832 6038
1127 5141
3077 7803
3527 5125
6831 5805
3628 6874
844 10000
5619 2690
8467 1803
3676 7822
183 5707
5403 1599
2684 2060
3555 2935
3277 5570
5852 2761
525 2850
8310 3957
9830 5955
4508 6902
1452 6375
2929 3943
4712 7405
2361 9461
3222 7354
1766 1295
4630 5628
4125 2013
3030 5979
653 2884
2323 1455
4360 4446
7149 6382
1300 7782
3542 3328
2533 6850
1744 7487
2562 6544
8813 2853
2286 4964
3257 9049
9819 9254
4053 872
1644 1610
6778 4454
5144 5118
2119 5185
579 6652
6427 2187
4589 2117
4112 6073
4585 91
3014 8492
2419 8827
2489 482
6735 9
1297 7896
1559 208
814 510
5348 7168
341 4108
2455 6666
7066 5780
6321 7934
6399 3698
8752 1540
9172 2536
1736 954
1764 7920
91 1936
9429 9417
4534 8631
6752 289
194 4346
1871 4726
11 294
9989 5470
757 6825
1651 6832
9383 9944
5677 6507
8059 9068
8327 3887
9981 804
4593 9718
1083 2807
7285 8152
881 6380
3642 8784
4925 4173
2821 3261
6601 1742
6164 8245
2057 6637
218 6962
4334 8109
5295 475
4260 9190
4525 7766
2811 7746
9309 6201
2824 2989
4945 9064
5412 5569
4026 2479
2422 6904
1717 6136
8970 9759
3039 649
3498 5785
5676 1587
2843 6502
9868 8975
6225 16
9770 4017
1984 9964
7450 3606
4255 4730
7217 1943
8759 8489
2165 4255
1578 1419
9814 9488
1014 7449
7447 2054
4120 4995
461 2879
4749 6424
5148 7110
6796 8714
3912 1631
615 5974
9130 2968
5245 6545
6637 3452
4319 6970
5300 3462
8410 4671
7775 8546
3458 5987
46 4144
1101 2389
6411 8580
9250 8141
3224 3743
1774 4956
8095 9333
4763 4848
6624 2880
530 2634
1447 7275
4420 4758
1605 5706
1557 5181
7352 8586
6176 9416
4963 6022
8298 2478
6579 4791
4115 3338
496 6960
2482 1050
8626 2628
6198 2417
4291 8916
4783 1337
7243 7616
7842 1223
973 988
5254 6475
2872 8127
2809 3554
3042 6232
6741 7805
1719 3631
2649 7066
9909 2504
7959 1366
2169 1631
4213 7183
3496 3288
1721 7915
2576 6699
7108 2137
9385 9699
1953 7291
4437 7651
1807 1995
6000 2351
7748 9972
8999 5706
8209 4327
6033 8111
4955 8953
5538 1592
7937 8788
8821 7027
6995 1884
3944 7884
7273 3905
9832 4940
1686 462
5186 6957
3684 3185
7952 2046
3548 4774
5633 7541
8549 1010
1273 963
2765 6638
338 8485
7666 6860
6979 7583
7429 1241
7653 6959
8885 5177
9123 7261
3633 4564
2617 1152
9747 732
103 4728
9886 8506
7414 416
7528 2341
4025 7351
123 1909
2362 1938
8149 396
9395 8452
9411 2004
8494 3351
730 4540
7440 6828
6505 7312
142 3673
7531 508
6987 2659
7285 839
79 3111
58 7496
3559 3118
6082 2910
4569 5780
6456 4790
1551 3327
9399 2858
5104 2212
8479 890
5625 5913
9079 5114
5307 3801
5871 4096
791 2634
5126 7761
7135 5561
2129 643
9323 8132
4265 1578
2751 9861
6553 952
5320 4809
1326 9433
1007 471
6308 6405
3309 4707
832 2658
733 6078
1430 5241
3790 657
3534 5628
3528 3363
9634 444
1086 8158
5418 3907
6451 4261
4256 5261
6071 6879
4809 2768
5222 3838
6851 4046
3854 268
5973 5715
682 8431
3756 2919
7460 1048
7864 1498
2308 66
1287 5367
9043 1023
5522 6296
3609 823
3262 9803
2717 3200
9004 7081
3423 8636
212 4863
9910 2214
8838 6931
8287 5080
4297 158
8807 2821
759 8046
4866 7410
4039 455
9328 7206
6194 1628
8941 7069
2511 9844
4466 4157
6708 8077
5204 9018
23 3316
903 8456
6449 200
1941 6633
8857 5846
3099 6464
9204 4723
3247 2575
9704 5499
8404 993
3781 514
8526 3209
1868 5744
4004 5268
7711 9115
5817 883
7679 6589
4542 7779
3511 6302
6724 2217
6015 313
2236 9281
5436 4718
8520 8589
3783 3324
56 1612
7421 4236
9914 2436
9430 853
1437 3035
5564 1643
5832 4229
5418 4171
6694 5833
3443 1584
159 9216
5988 5570
6906 6461
4423 6006
403 611
8587 3207
8020 6826
3267 6755
8058 3426
6674 8729
5255 2740
8731 979
1617 6774
2357 7618
8742 6880
7674 3524
6542 6835
6288 6458
1021 599
4654 3601
2525 1096
5678 2892
8702 7938
9083 1450
3514 5277
7215 4976
681 9662
2093 2886
1168 6652
4871 4465
3919 7171
8386 2475
8830 4738
9152 6492
5470 9078
4595 3191
3534 7548
7069 7439
4858 9339
8758 5797
5593 8117
5417 4633
4973 8595
7417 3906
1517 5112
674 952
4387 3682
322 5218
6801 8423
471 9716
8408 8036
1896 1621
5190 3852
9269 4272
3404 1364
9129 9559
7761 2433
4134 5593
7334 9827
2025 7672
1332 6562
16 4636
8208 581
2937 2338
2696 9855
722 8227
6589 9503
5162 9775
686 3953
6224 5177
8247 3697
4554 7446
2720 9000
1021 3474
2396 6451
6695 6100
6150 1682
6022 9993
1150 6674
7616 5454
6992 5967
9636 8555
2484 430
183 8682
940 7437
7589 1092
3445 7519
2045 8931
6500 2531
6782 3743
8932 5546
2830 6588
6896 5697
518 974
4556 1260
9556 9056
2652 6292
4418 2046
2021 7246
8488 2303
1757 6209
3043 2169
969 5608
8966 2593
2329 5054
926 8731
1218 2132
4090 5574
8733 4964
9636 5685
1323 1558
5512 455
1128 6387
7146 9684
5929 4826
4292 372
3488 7055
8172 4574
2973 968
9486 2066
1982 7442
9177 8656
4028 3235
9449 8809
82 6152
3186 6883
5064 7967
3869 1095
7620 9070
5190 9723
9579 659
6580 4469
5461 4471
3861 1670
7721 4195
1967 4272
4713 8326
6912 3542
787 1588
3139 2080
7535 8961
5036 5138
1853 7157
976 2742
2074 3554
600 1067
9959 2189
1440 1879
1652 6091
8277 5277
8919 9365
2027 7926
3467 3346
7994 568
1323 1775
9508 5117
9221 4348
9868 7144
7101 5964
3911 6778
3637 4928
2473 5897
3130 9641
5525 9542
2941 7657
7245 6600
7961 3424
7762 3351
1139 3447
6032 7519
8277 9307
2387 7230
3447 3739
6322 9799
7517 4275
5678 3612
6535 6736
8471 429
962 9412
7021 4894
5 7708
9911 8627
8342 1885
5072 5416
3325 6000
784 9308
6181 4984
3973 9341
6766 3451
6988 6553
1917 9907
3598 4732
4348 5857
3946 955
6054 1138
7642 6963
8266 2212
8087 4446
6406 9115
279 1207
5270 4076
1648 5991
8220 8197
7296 5740
5036 4230
5495 6857
874 2949
1950 498
8480 9461
1220 5743
8621 736
1317 3329
6473 4659
8183 7188
2492 9380
5760 3269
8182 5586
5575 6059
9927 8651
1315 8498
7456 6012
6468 4414
7430 7006
2665 8530
8913 6822
2363 8943
110 8993
4287 2275
3133 3979
5608 7076
8617 4901
5176 7023
5263 1314
6634 7951
7325 7730
9763 9316
7373 7900
2513 4267
4955 6006
9203 9797
8336 9992
6647 3877
5855 9783
733 7666
6503 5317
6530 432
9131 47
994 7508
7519 2305
1204 2539
6072 9372
1471 878
5418 7552
7404 1951
7331 1302
7895 2759
3754 7722
3516 9400
6107 6752
7008 6573
3315 6004
2051 9679
4324 5369
4076 5373
2338 1822
7654 7464
6092 6972
692 5001
2557 6838
9386 4552
1148 7384
8414 5073
2169 5770
7531 339
665 5741
3555 271
8273 8267
6204 3474
5583 7971
6003 5139
2409 1833
6198 3626
767 6336
4421 4024
2847 6021
1243 8053
6897 91
8880 4895
6596 6523
4067 7404
252 6196
1070 1944
5638 9201
3651 8239
4778 7417
3246 8142
3328 3822
8934 1479
2982 7043
3313 728
9655 709
1589 4816
7456 2742
4903 4501
8376 1600
5123 1567
7405 5249
5232 3822
4492 867
2862 3425
3052 5657
7311 4532
6996 7731
1474 6366
2683 9998
721 2804
8432 4391
256 4107
5659 3800
2093 4949
4886 2627
9933 2039
6969 9921
6080 8050
5050 9908
7814 6596
6119 779
9760 3737
7022 2791
6615 4401
6289 4970
9987 2508
3903 2517
530 7684
6451 4058
5501 2924
2103 3745
9260 3709
4969 6133
355 6184
3341 6890
9096 7068
3666 8962
9719 2755
8992 3412
211 4971
1471 2362
1613 3604
7966 4052
1492 3538
9632 1637
7131 9657
5797 7832
8357 8111
8554 6670
4664 2426
1981 8178
601 4079
4773 1602
4249 1991
3479 5157
9598 6487
33 1805
2230 6754
8245 8745
2905 6494
8065 6895
3782 218
1475 5794
5491 5534
2911 9504
1816 8085
3905 6957
6692 778
3476 9720
8167 4749
7087 667
4197 4013
7062 9504
2587 9828
3247 5520
3523 8377
4180 1426
6539 9329
6171 9069
5448 6437
8335 1347
6179 4588
1044 3457
5355 4560
1772 4856
1800 9554
2221 6069
6362 8203
7715 5747
8441 8728
9912 8677
2594 1121
3236 7818
8376 4404
8113 5347
4048 331
333 4369
4841 3185
4314 8883
5460 2095
5565 7727
1138 1925
9416 5947
4054 184
1276 8663
3012 595
1772 3883
5345 3871
2979 7145
5815 8837
505 331
2896 7880
4000 2510
3457 5184
6695 2324
1868 9866
2787 3583
5594 6460
7433 5700
1800 3615
6547 222
2559 4647
9557 9758
5654 8320
3655 8018
1284 8678
719 1786
5495 6082
9098 9518
7975 1052
3566 9514
2157 635
8872 682
6263 9546
457 2343
9526 3601
5381 9789
8510 1717
4570 8619
942 3553
529 90
1090 4335
240 4217
2833 4457
8861 6685
1811 6723
1489 1188
1712 28
1200 9906
4949 3450
7193 3721
4906 6868
4829 7017
8406 8169
9180 1000
3642 6805
4934 8038
7943 8980
4942 4221
569 9992
7586 439
9507 3515
6951 5829
9354 3648
1378 7125
6845 8346
2249 1124
6843 9470
2773 5717
1500 3517
110 7571
6101 8287
6090 288
8180 8838
7159 2996
9943 8733
7730 9432
4547 8143
5381 7141
4223 7725
3742 9911
1674 5588
1492 3749
1456 5531
732 1321
1035 4793
9597 2580
1060 3061
3243 4072
1553 166
2854 3146
1173 2648
97 5955
1652 987
9425 9965
8545 3968
2522 9101
9034 6344
3818 4272
4524 7512
2435 3362
4973 2473
6751 4199
1810 4816
4385 8449
8120 2929
6065 532
463 1496
3408 7456
8215 6852
5780 5909
333 8269
4768 39
7426 55
4366 214
8693 7990
2916 8623
4928 5945
7066 3762
9233 9999
8977 9898
2834 5992
9778 1253
815 804
416 579
730 6569
4272 3634
371 1318
3841 158
9790 8895
6648 4151
7800 1344
2003 7307
1057 6737
6417 2342
767 9771
5383 6802
3745 8971
6766 7436
2678 5518
3354 6715
7182 1883
9624 5143
3770 3438
6674 5633
1361 8084
1368 4654
7649 752
6131 1863
2753 4787
7914 1376
1742 6904
3700 4247
3022 2473
3494 3512
601 5213
5611 4792
7467 9922
7968 3821
6888 4791
5316 9530
966 5788
2551 5627
5179 1616
4179 3473
3398 4044
8008 1282
611 5076
2367 8293
3498 8651
6353 7945
2927 3795
6587 9116
3727 4738
5745 6038
1193 7216
7566 9842
5835 6552
1512 1399
2011 3282
5562 9835
3090 8882
4175 7932
2918 7612
4800 7929
5661 5892
8883 3736
9435 1313
987 5825
7879 3431
8675 9678
4409 965
2015 427
9945 9676
7646 2927
9375 8224
7364 5165
6669 2222
8124 6177
5620 3689
8954 4117
5980 5752
5021 9797
3079 7718
5954 6540
6057 9166
6405 4078
2519 3786
3894 3719
2649 2024
171 2954
6872 1167
4285 4260
196 9518
5878 4223
3115 2211
1510 4171
5251 6480
8051 6112
6468 8073
856 1510
8563 4397
6709 2462
9303 2932
2529 1780
9678 9518
7833 733
9784 9925
5176 6032
6670 8064
7355 9989
4422 9726
9848 2467
5897 1454
9684 600
3409 7303
3619 8390
6572 886
4961 9607
2212 4508
4477 4513
3885 3134
4869 537
5350 4220
7226 3355
375 9473
6912 4084
9628 844
1493 1397
4900 6573
7543 3351
9437 3010
8002 5102
9638 3303
3975 590
1511 5748
1212 8887
769 7204
9373 2834
4937 3311
2502 2903
4234 2925
2334 148
2166 2422
6181 5546
8007 6905
5640 5143
7159 9560
4039 8921
5351 9113
2424 610
4159 7552
4434 3166
6291 3776
3389 6816
2411 557
5718 256
9517 1293
2478 5327
365 8567
5485 6158
3765 5277
9217 6075
9217 804
6833 3595
7001 6089
7631 1232
4677 1074
3963 2661
4223 1692
2485 9086
8266 7642
8212 5253
2866 7915
4820 5787
3161 4432
8883 6692
672 1456
4735 8317
5386 5664
1859 9948
1357 1002
2795 2819
9443 9226
5932 9541
2095 2096
414 899
6898 1891
310 2700
9119 1864
6349 3651
2897 9335
5999 529
5841 9347
7164 7855
255 6023
8445 6385
7356 3016
9063 4913
9613 1242
4777 8404
8976 5533
4890 9533
9952 2495
132 8182
3980 8294
1841 1025
7574 323
9342 1013
7386 1191
9981 1326
7962 9558
9384 5002
2280 7172
5339 3483
8619 7829
7160 4916
7680 2666
9344 5209
2310 4459
1892 8691
6887 2646
6395 108
4675 3719
4542 1945
9357 2053
8864 4115
9504 6927
5519 8106
5319 41
9692 344
4401 5628
1085 3714
3609 2453
6339 6973
5047 1293
4319 820
8475 3098
7208 8923
9977 781
50 1872
5996 8943
7595 6663
3670 4965
5892 5760
578 4673
9195 3833
963 5605
1871 8353
4017 4426
2986 9110
8954 9841
9769 591
1553 7342
6916 4177
2259 8047
1830 4337
1510 2422
8447 3763
2801 5515
9927 5953
3000 659
3971 8618
1887 8294
3775 2273
7267 6842
3743 943
7532 8818
8093 7081
5470 1778
6830 2369
2123 8980
4306 3248
974 2451
734 5281
7370 3742
7403 5217
888 646
9410 7900
9089 6727
1808 4792
9610 2044
2990 9822
9828 4194
4635 5604
6751 8115
8561 7307
8407 9765
9199 198
8465 5361
6026 8443
1497 3321
8935 1041
6131 1483
5547 7635
1087 6828
4602 7972
1780 7142
2540 3029
6209 9435
3823 7319
3210 6705
2524 5479
5066 8367
1688 6956
4954 2941
4781 2019
5330 9032
4917 6049
3821 9525
9159 7274
2561 3634
7563 7834
7148 5262
1489 5130
1902 17
6073 6889
4904 1745
2796 8911
88 1076
