100
14 74
8 47
48 16
90 79
90 91
66 100
66 26
89 47
11 45
64 17
32 97
26 51
72 69
61 16
83 9
33 69
62 43
82 88
10 33
74 66
47 95
32 66
51 62
71 60
5 22
80 36
37 1
43 41
82 51
97 77
20 17
40 12
19 68
44 95
97 53
61 78
97 28
18 81
1 19
49 47
11 53
82 11
37 8
19 15
9 12
14 65
40 8
13 65
23 55
24 62
54 55
78 34
77 77
23 23
38 86
14 68
51 81
99 65
51 86
62 7
82 100
81 21
68 34
94 88
69 54
26 93
49 34
83 100
73 65
28 65
69 17
39 24
32 25
33 5
87 60
94 51
72 40
60 53
96 65
91 8
60 56
83 65
60 25
95 86
4 60
36 19
68 28
96 76
65 9
34 60
46 27
73 100
99 92
36 100
96 30
65 48
65 99
91 71
12 57
19 1